2 0.125641 0.501923 0.130769 0.042308
2 0.232051 0.486538 0.174359 0.059615
2 0.347436 0.489423 0.148718 0.061538
2 0.439744 0.454808 0.143590 0.034615
2 0.553205 0.450962 0.091026 0.028846
2 0.511538 0.515865 0.110256 0.027885
2 0.538462 0.493750 0.046154 0.037500
2 0.471795 0.485577 0.112821 0.046154
2 0.091026 0.442308 0.174359 0.046154
2 0.112821 0.478365 0.100000 0.064423
2 0.062821 0.486538 0.089744 0.050000
2 0.167949 0.433654 0.125641 0.057692
2 0.275641 0.457212 0.130769 0.068269
2 0.323077 0.439423 0.125641 0.067308
2 0.182692 0.540385 0.116667 0.048077
