2 0.991830 0.223312 0.006536 0.374728
2 0.991013 0.223856 0.017974 0.354031
2 0.986111 0.240741 0.017974 0.374728
2 0.671160 0.651416 0.023693 0.028322
2 0.700980 0.641612 0.045752 0.037037
2 0.741830 0.605120 0.057190 0.096950
2 0.750817 0.593137 0.058824 0.081699
2 0.779003 0.541394 0.064542 0.063181
2 0.816993 0.502723 0.102941 0.062092
2 0.848448 0.464597 0.129902 0.053377
2 0.870915 0.431373 0.138889 0.065359
2 0.905229 0.392157 0.145425 0.084967
2 0.921977 0.309368 0.156046 0.119826
2 0.937092 0.233115 0.125817 0.071895
2 0.951389 0.178649 0.097222 0.074074
2 0.969363 0.125817 0.061275 0.059913
2 0.796160 0.578431 0.053105 0.058824
2 0.848039 0.525599 0.062092 0.079521
2 0.901144 0.475490 0.052288 0.092593
