2 0.022876 0.481209 0.043573 0.014706
2 0.067538 0.487745 0.047930 0.022876
2 0.111111 0.488154 0.041394 0.020425
2 0.160675 0.487745 0.057734 0.022876
2 0.217865 0.490196 0.063181 0.016340
2 0.272876 0.488154 0.051198 0.013889
2 0.324074 0.486520 0.051198 0.008987
2 0.480392 0.488154 0.252723 0.012255
2 0.523965 0.492239 0.061002 0.017157
2 0.554466 0.491830 0.080610 0.029412
2 0.454793 0.489379 0.053377 0.016340
2 0.393791 0.488562 0.051198 0.009804
2 0.636710 0.495915 0.055556 0.029412
2 0.678105 0.493464 0.075163 0.026144
2 0.721133 0.493873 0.067538 0.025327
2 0.772331 0.500000 0.058824 0.022876
2 0.800654 0.501634 0.043573 0.021242
2 0.836057 0.506127 0.035948 0.018791
2 0.880719 0.512255 0.044662 0.013072
2 0.924837 0.517157 0.032680 0.013072
2 0.956427 0.521242 0.026144 0.013072
2 0.984205 0.525327 0.025054 0.013072
