2 0.836057 0.552288 0.059913 0.014706
2 0.885076 0.555964 0.051198 0.012255
2 0.929194 0.561275 0.021786 0.008170
2 0.955882 0.562092 0.022876 0.006536
2 0.792484 0.549020 0.062092 0.016340
2 0.745098 0.547794 0.032680 0.015523
2 0.712418 0.546977 0.050109 0.013889
2 0.685730 0.545752 0.046841 0.017974
2 0.651416 0.544526 0.041394 0.013889
2 0.630174 0.543709 0.057734 0.013889
2 0.587146 0.543301 0.028322 0.013072
2 0.559368 0.542484 0.027233 0.011438
2 0.536492 0.541258 0.029412 0.010621
2 0.507625 0.540441 0.050109 0.008987
2 0.475490 0.540033 0.031590 0.006536
2 0.442810 0.539216 0.025054 0.004902
2 0.416667 0.536356 0.018519 0.004085
2 0.011438 0.516340 0.020697 0.006536
2 0.034858 0.516748 0.032680 0.007353
2 0.063725 0.518791 0.029412 0.008170
2 0.088780 0.519608 0.031590 0.008170
2 0.114924 0.520833 0.031590 0.008987
2 0.138344 0.522059 0.028322 0.008170
2 0.172658 0.524101 0.040305 0.007353
2 0.207516 0.525735 0.033769 0.005719
2 0.246187 0.527778 0.037037 0.004902
2 0.283224 0.529820 0.032680 0.004085
2 0.327887 0.532271 0.045752 0.005719
2 0.381808 0.534314 0.046841 0.004902
