2 0.142157 0.526688 0.049020 0.020697
2 0.164624 0.523420 0.028595 0.033769
2 0.111520 0.524510 0.018791 0.014161
2 0.224673 0.538126 0.017974 0.008715
2 0.196895 0.539760 0.039216 0.016340
2 0.356209 0.544118 0.057190 0.011983
2 0.429330 0.546841 0.077614 0.010893
2 0.464052 0.544662 0.068627 0.023965
2 0.526144 0.549020 0.047386 0.013072
2 0.585784 0.546841 0.060458 0.010893
2 0.640931 0.545752 0.056373 0.013072
2 0.691585 0.541939 0.084150 0.016340
2 0.759804 0.541939 0.063725 0.016340
2 0.964461 0.532135 0.071078 0.035948
2 0.960784 0.517429 0.078431 0.034858
2 0.840278 0.546296 0.098856 0.007625
