2 0.490534 0.479167 0.247849 0.016473
2 0.504303 0.489826 0.110155 0.033915
2 0.433735 0.488372 0.041308 0.019380
2 0.545611 0.510659 0.168675 0.027132
2 0.586059 0.535853 0.184165 0.029070
2 0.677281 0.560562 0.211704 0.028101
2 0.735800 0.583333 0.239243 0.027132
2 0.826162 0.609496 0.347676 0.032946
2 0.845955 0.627422 0.308090 0.022287
2 0.868330 0.646802 0.263339 0.022287
2 0.900172 0.666182 0.199656 0.030039
2 0.923408 0.687500 0.153184 0.018411
2 0.950086 0.707849 0.099828 0.018411
2 0.970740 0.725291 0.058520 0.014535
2 0.950086 0.579942 0.099828 0.055233
2 0.914802 0.616764 0.170396 0.140504
2 0.875215 0.590601 0.249570 0.105620
2 0.728916 0.538760 0.135972 0.062016
2 0.713425 0.520833 0.177281 0.066860
2 0.702238 0.518411 0.199656 0.108527
2 0.650602 0.508236 0.165232 0.095930
2 0.574871 0.506298 0.144578 0.064922
2 0.629088 0.470446 0.091222 0.068798
