2 0.961874 0.957516 0.037037 0.081699
2 0.940632 0.940359 0.055556 0.070261
2 0.978214 0.960376 0.043573 0.056373
2 0.874183 0.903186 0.059913 0.061275
2 0.910675 0.901961 0.037037 0.034314
2 0.933551 0.937908 0.132898 0.031046
2 0.830065 0.881536 0.065359 0.044118
2 0.821895 0.868873 0.070806 0.056373
2 0.772876 0.846405 0.057734 0.042484
2 0.784858 0.848448 0.049020 0.064542
2 0.736383 0.831291 0.095861 0.046569
2 0.809913 0.850899 0.049020 0.031863
2 0.684096 0.795752 0.100218 0.039216
2 0.734749 0.812500 0.051198 0.044935
2 0.641068 0.752859 0.116558 0.038399
2 0.693355 0.790441 0.046841 0.066176
2 0.633442 0.733660 0.120915 0.055556
2 0.655773 0.691993 0.082789 0.093137
2 0.581155 0.675245 0.112200 0.051471
2 0.508170 0.648693 0.096950 0.049020
2 0.430828 0.628268 0.114379 0.037582
2 0.403050 0.608660 0.165577 0.037582
2 0.352941 0.589869 0.141612 0.034314
2 0.385076 0.585376 0.092593 0.085784
2 0.825163 0.668301 0.216776 0.045752
2 0.710784 0.694036 0.101307 0.048203
2 0.602397 0.692402 0.080610 0.120098
