2 0.029167 0.626172 0.056250 0.027344
2 0.103646 0.619531 0.115625 0.029687
2 0.185938 0.617188 0.134375 0.039062
2 0.240625 0.606641 0.125000 0.035156
2 0.307812 0.599219 0.111458 0.037500
2 0.348958 0.585156 0.097917 0.029687
2 0.403125 0.583203 0.110417 0.042969
2 0.464583 0.576953 0.141667 0.039844
2 0.544792 0.575781 0.131250 0.046875
2 0.650000 0.574609 0.164583 0.044531
2 0.547917 0.615625 0.120833 0.051562
2 0.476042 0.618359 0.106250 0.044531
2 0.644792 0.610547 0.129167 0.060156
2 0.693229 0.583594 0.138542 0.062500
2 0.778125 0.576172 0.122917 0.053906
2 0.850000 0.557813 0.087500 0.035937
2 0.915625 0.567969 0.089583 0.037500
2 0.054688 0.551172 0.096875 0.038281
2 0.090625 0.534766 0.143750 0.017969
2 0.184375 0.531250 0.081250 0.017188
2 0.240625 0.526563 0.083333 0.017188
2 0.305729 0.524219 0.076042 0.010937
2 0.376042 0.522266 0.089583 0.011719
2 0.455208 0.517188 0.091667 0.009375
2 0.531771 0.516406 0.076042 0.009375
2 0.592187 0.513672 0.063542 0.011719
2 0.631250 0.507422 0.050000 0.013281
