2 0.388072 0.141068 0.017974 0.049020
2 0.395425 0.181917 0.026144 0.052288
2 0.403186 0.229303 0.041667 0.064270
2 0.422386 0.282135 0.068627 0.082789
2 0.431781 0.364924 0.098856 0.089325
2 0.450572 0.441721 0.108660 0.077342
2 0.467729 0.528867 0.128268 0.083878
2 0.488154 0.606754 0.149510 0.098039
2 0.512663 0.699891 0.183824 0.099129
2 0.538807 0.790305 0.200163 0.096950
2 0.569853 0.884532 0.213235 0.108932
2 0.602124 0.964597 0.220588 0.070806
2 0.453431 0.521242 0.138889 0.434641
2 0.561275 0.799564 0.281046 0.400871
