6 0.783333 0.364904 0.100000 0.029808
2 0.571795 0.457692 0.100000 0.044231
2 0.530128 0.432692 0.065385 0.023077
2 0.540385 0.462019 0.096154 0.077885
2 0.657692 0.454808 0.087179 0.026923
2 0.628205 0.436538 0.043590 0.025000
2 0.478205 0.487500 0.079487 0.028846
2 0.422436 0.508173 0.091026 0.025962
2 0.362179 0.518750 0.073077 0.033654
2 0.308333 0.525962 0.075641 0.023077
2 0.255128 0.535577 0.069231 0.030769
2 0.510256 0.422596 0.130769 0.016346
2 0.205128 0.531250 0.028205 0.016346
2 0.182692 0.548558 0.080769 0.029808
2 0.130769 0.555769 0.046154 0.036538
2 0.087179 0.560577 0.061538 0.030769
2 0.041667 0.567788 0.073077 0.031731
