2 0.690104 0.981250 0.511458 0.026562
2 0.598437 0.931250 0.301042 0.137500
2 0.767188 0.953516 0.094792 0.083594
2 0.825521 0.960938 0.067708 0.046875
2 0.588542 0.864844 0.281250 0.175000
2 0.571875 0.792969 0.266667 0.167187
2 0.557292 0.710938 0.214583 0.171875
2 0.557292 0.625391 0.172917 0.147656
2 0.547917 0.752344 0.172917 0.489063
2 0.530208 0.506641 0.079167 0.105469
2 0.565104 0.507812 0.053125 0.060937
2 0.524479 0.449609 0.063542 0.064844
2 0.522917 0.680469 0.052083 0.600000
2 0.515625 0.378906 0.035417 0.034375
2 0.519792 0.351953 0.012500 0.035156
2 0.512500 0.360156 0.016667 0.031250
2 0.617708 0.635156 0.087500 0.115625
2 0.079687 0.666797 0.132292 0.133594
2 0.195833 0.600000 0.135417 0.093750
