2 0.014583 0.542578 0.018750 0.014844
2 0.028125 0.538672 0.012500 0.010156
2 0.042708 0.536719 0.014583 0.006250
2 0.004167 0.543359 0.006250 0.011719
2 0.057292 0.536719 0.008333 0.004687
2 0.067187 0.534375 0.009375 0.006250
2 0.082812 0.530078 0.009375 0.007031
2 0.073958 0.531641 0.016667 0.007031
2 0.090625 0.527344 0.016667 0.006250
2 0.103125 0.526172 0.016667 0.003906
2 0.114583 0.523828 0.016667 0.003906
2 0.127604 0.522656 0.009375 0.003125
2 0.134375 0.519922 0.010417 0.003906
2 0.143229 0.518750 0.009375 0.004687
2 0.151562 0.515625 0.009375 0.004687
2 0.162500 0.514453 0.008333 0.003906
2 0.175521 0.512500 0.009375 0.003125
2 0.184375 0.511719 0.008333 0.004687
2 0.191146 0.510156 0.009375 0.003125
2 0.201563 0.508594 0.009375 0.001563
