2 0.597656 0.740234 0.039062 0.019531
2 0.901693 0.726562 0.196615 0.097656
2 0.961589 0.788086 0.076823 0.087891
2 0.929688 0.788574 0.140625 0.065430
2 0.876302 0.704590 0.247396 0.067383
2 0.825521 0.670898 0.130208 0.056641
2 0.743490 0.654297 0.127604 0.048828
2 0.736328 0.629395 0.105469 0.041992
2 0.663411 0.624512 0.102865 0.034180
2 0.650391 0.598145 0.087240 0.047852
2 0.632161 0.568359 0.079427 0.050781
2 0.625000 0.546387 0.052083 0.045898
2 0.678385 0.545898 0.049479 0.041016
2 0.735677 0.548340 0.039062 0.018555
