2 0.064062 0.548047 0.119792 0.038281
2 0.089583 0.550391 0.112500 0.047656
2 0.193750 0.540625 0.127083 0.043750
2 0.275521 0.539453 0.101042 0.035156
2 0.357812 0.537109 0.096875 0.028906
2 0.426563 0.530078 0.073958 0.032031
2 0.481771 0.521875 0.076042 0.035937
2 0.547917 0.519922 0.079167 0.024219
2 0.614062 0.513672 0.088542 0.017969
2 0.688542 0.510156 0.089583 0.017188
2 0.772396 0.503906 0.086458 0.015625
2 0.057813 0.588281 0.113542 0.062500
2 0.145833 0.578906 0.097917 0.057813
2 0.202604 0.574219 0.086458 0.057813
2 0.270313 0.566406 0.094792 0.062500
2 0.353125 0.569531 0.129167 0.053125
2 0.429167 0.561328 0.143750 0.046094
2 0.505729 0.550781 0.171875 0.050000
2 0.592708 0.547266 0.110417 0.046094
2 0.644271 0.536328 0.140625 0.050781
2 0.728646 0.536719 0.115625 0.037500
2 0.778125 0.525391 0.154167 0.041406
2 0.874479 0.526953 0.128125 0.030469
2 0.955729 0.521484 0.088542 0.027344
