2 0.954248 0.527369 0.087146 0.012255
2 0.886166 0.522467 0.053377 0.013889
2 0.851307 0.528595 0.049020 0.019608
2 0.820261 0.524918 0.041394 0.022059
2 0.795752 0.516340 0.066449 0.014706
2 0.750000 0.515523 0.086057 0.014706
2 0.709695 0.512663 0.083878 0.018791
2 0.670479 0.513072 0.068627 0.026144
2 0.638889 0.512255 0.062092 0.032680
2 0.595861 0.515931 0.050109 0.030229
2 0.554466 0.517565 0.052288 0.028595
2 0.525599 0.515523 0.029412 0.029412
2 0.493464 0.519199 0.045752 0.030229
2 0.454793 0.516748 0.051198 0.017157
2 0.412309 0.517974 0.046841 0.017974
2 0.372549 0.522467 0.041394 0.015523
2 0.335512 0.528186 0.056645 0.025327
2 0.381808 0.547386 0.059913 0.021242
2 0.327887 0.544526 0.063181 0.025327
2 0.285403 0.531454 0.037037 0.028595
2 0.252179 0.531863 0.042484 0.026144
2 0.226035 0.530637 0.040305 0.020425
2 0.197168 0.530637 0.039216 0.015523
2 0.175926 0.529820 0.068627 0.013889
2 0.129085 0.533905 0.049020 0.020425
2 0.098039 0.535539 0.032680 0.025327
2 0.068083 0.540441 0.042484 0.028595
2 0.029956 0.539624 0.057734 0.031863
2 0.075708 0.494281 0.144880 0.016340
2 0.176471 0.486111 0.102397 0.029412
2 0.263617 0.483252 0.065359 0.026961
2 0.318083 0.487337 0.063181 0.020425
2 0.372004 0.484477 0.066449 0.022876
2 0.441176 0.485703 0.080610 0.015523
2 0.508715 0.481618 0.100218 0.017157
2 0.577342 0.477533 0.091503 0.026961
2 0.649237 0.473039 0.111111 0.029412
2 0.740196 0.475899 0.094771 0.035131
2 0.816449 0.474265 0.081699 0.033497
