2 0.563317 0.559913 0.544935 0.069717
2 0.626225 0.617102 0.636438 0.057734
2 0.694853 0.665577 0.607026 0.045752
2 0.726307 0.714052 0.545752 0.055556
2 0.750817 0.778322 0.495098 0.092593
2 0.805556 0.868736 0.388889 0.099129
2 0.863154 0.931373 0.273693 0.034858
2 0.615605 0.610566 0.474673 0.181917
2 0.767157 0.731481 0.465686 0.210240
2 0.571487 0.507081 0.495915 0.035948
2 0.590686 0.471678 0.388889 0.041394
2 0.481618 0.453159 0.321078 0.091503
2 0.460376 0.395425 0.214869 0.061002
2 0.424837 0.338780 0.137255 0.061002
2 0.402778 0.314270 0.111111 0.049020
2 0.379493 0.274510 0.087418 0.034858
2 0.318219 0.241830 0.023693 0.041394
2 0.296569 0.221678 0.019608 0.033769
2 0.281863 0.206427 0.016340 0.020697
2 0.351716 0.257081 0.051471 0.054466
2 0.273693 0.197168 0.024510 0.021786
