2 0.221154 0.365865 0.026923 0.027885
2 0.251282 0.386058 0.033333 0.029808
2 0.283974 0.393750 0.047436 0.024038
2 0.283974 0.416827 0.047436 0.029808
2 0.315385 0.423558 0.061538 0.039423
2 0.329487 0.448558 0.051282 0.043269
2 0.353846 0.430288 0.030769 0.027885
2 0.390385 0.456250 0.073077 0.047115
2 0.366026 0.475481 0.065385 0.035577
2 0.415385 0.497596 0.058974 0.054808
2 0.456410 0.462981 0.069231 0.043269
2 0.566667 0.462981 0.176923 0.043269
2 0.452564 0.499519 0.069231 0.050962
2 0.705128 0.475000 0.076923 0.044231
2 0.635256 0.456731 0.088462 0.059615
2 0.578205 0.427885 0.074359 0.050000
2 0.533333 0.415385 0.076923 0.042308
2 0.482051 0.401923 0.051282 0.032692
2 0.442308 0.385096 0.048718 0.039423
2 0.405769 0.374519 0.052564 0.033654
2 0.382692 0.361538 0.057692 0.034615
2 0.337821 0.350962 0.052564 0.028846
2 0.428846 0.369712 0.116667 0.056731
2 0.521795 0.384615 0.100000 0.067308
2 0.618590 0.412019 0.116667 0.075962
2 0.577564 0.376923 0.052564 0.038462
2 0.628205 0.398558 0.084615 0.062500
2 0.706410 0.435577 0.100000 0.071154
2 0.737821 0.429327 0.183333 0.097115
2 0.877564 0.478846 0.244872 0.084615
2 0.892308 0.520192 0.215385 0.032692
2 0.923718 0.548558 0.152564 0.027885
2 0.924359 0.455288 0.151282 0.089423
2 0.888462 0.442788 0.223077 0.112500
2 0.880769 0.431731 0.238462 0.153846
2 0.759615 0.381250 0.083333 0.054808
