2 0.616558 0.561683 0.039216 0.008987
2 0.636710 0.570670 0.051198 0.015523
2 0.670479 0.582516 0.044662 0.014706
2 0.703704 0.594771 0.032680 0.021242
2 0.729847 0.605801 0.041394 0.020425
2 0.760893 0.618873 0.046841 0.023693
2 0.793028 0.629902 0.041394 0.022876
2 0.825708 0.644199 0.043573 0.018791
2 0.823529 0.636846 0.039216 0.025327
2 0.860566 0.654412 0.058824 0.021242
2 0.888889 0.663399 0.045752 0.022876
2 0.918301 0.674837 0.050109 0.024510
2 0.951525 0.689951 0.049020 0.023693
2 0.967865 0.689542 0.064270 0.037582
2 0.855664 0.530229 0.038126 0.006536
2 0.828431 0.523693 0.057734 0.006536
2 0.782680 0.516340 0.018519 0.008170
2 0.982026 0.546569 0.035948 0.016340
