2 0.946623 0.974673 0.106754 0.050654
2 0.878540 0.936275 0.077342 0.032680
2 0.825708 0.910131 0.067538 0.024510
2 0.775599 0.890114 0.087146 0.030229
2 0.717320 0.859477 0.062092 0.032680
2 0.761438 0.876634 0.037037 0.024510
2 0.685185 0.841095 0.056645 0.030229
2 0.648693 0.825980 0.072985 0.039216
2 0.602397 0.804739 0.058824 0.037582
2 0.575708 0.784314 0.051198 0.031046
2 0.539760 0.764706 0.051198 0.026144
2 0.502723 0.747141 0.035948 0.026961
2 0.471133 0.726716 0.042484 0.025327
2 0.424837 0.702614 0.032680 0.021242
2 0.393791 0.695261 0.035948 0.017974
2 0.362745 0.673611 0.019608 0.015523
2 0.332789 0.660131 0.029412 0.011438
2 0.302832 0.647876 0.019608 0.008170
2 0.273965 0.634804 0.031590 0.013072
2 0.246187 0.624592 0.023965 0.012255
2 0.233115 0.614379 0.032680 0.014706
2 0.213508 0.602124 0.030501 0.008170
2 0.187364 0.593954 0.023965 0.011438
2 0.166122 0.581699 0.031590 0.013072
2 0.138344 0.565768 0.023965 0.012255
2 0.118192 0.556781 0.022876 0.010621
2 0.100218 0.549020 0.017429 0.009804
2 0.080610 0.539216 0.023965 0.009804
2 0.059913 0.529412 0.015251 0.004902
