2 0.307734 0.569036 0.068627 0.020425
2 0.338235 0.580474 0.051198 0.035131
2 0.381808 0.597222 0.051198 0.035948
2 0.419390 0.610703 0.045752 0.043301
2 0.461874 0.629493 0.056645 0.041667
2 0.498366 0.635212 0.033769 0.023693
2 0.525599 0.647876 0.025054 0.021242
2 0.551743 0.669118 0.049020 0.042484
2 0.600763 0.685049 0.059913 0.053105
2 0.647603 0.705882 0.077342 0.042484
2 0.633987 0.678513 0.050109 0.031863
2 0.681917 0.714052 0.067538 0.068627
2 0.732026 0.739379 0.074074 0.078431
2 0.818627 0.782271 0.129630 0.085784
2 0.785948 0.749592 0.072985 0.064542
2 0.916667 0.802288 0.105664 0.068627
2 0.966231 0.875000 0.067538 0.156863
2 0.815359 0.763480 0.221133 0.020425
2 0.866013 0.840278 0.126362 0.049837
2 0.935730 0.884804 0.128540 0.066993
2 0.718410 0.486111 0.062092 0.008170
2 0.667211 0.473856 0.075163 0.008170
2 0.440632 0.437500 0.035948 0.008987
2 0.474401 0.444444 0.035948 0.013072
2 0.514161 0.449755 0.045752 0.012255
2 0.547930 0.457108 0.041394 0.013889
2 0.586057 0.464052 0.050109 0.011438
2 0.624183 0.469363 0.054466 0.008987
