2 0.098039 0.778595 0.193900 0.031046
2 0.046841 0.793709 0.069717 0.033497
2 0.169390 0.767157 0.118736 0.039216
2 0.277778 0.755719 0.154684 0.040850
2 0.369826 0.742647 0.096950 0.042484
2 0.435730 0.725899 0.080610 0.033497
2 0.492375 0.716912 0.080610 0.030229
2 0.564815 0.709559 0.114379 0.030229
2 0.648148 0.700980 0.108932 0.034314
2 0.712963 0.685866 0.096950 0.028595
2 0.785403 0.678922 0.080610 0.024510
2 0.818627 0.670343 0.090414 0.035131
2 0.882353 0.660948 0.056645 0.032680
2 0.931373 0.655229 0.063181 0.032680
2 0.976580 0.653186 0.046841 0.026961
2 0.471678 0.655229 0.154684 0.071895
2 0.180283 0.697304 0.151416 0.100490
2 0.318627 0.664216 0.216776 0.065359
2 0.074619 0.694444 0.147059 0.071895
2 0.823529 0.611928 0.143791 0.055556
2 0.924292 0.603758 0.140523 0.040850
2 0.903595 0.584967 0.086057 0.058824
2 0.969499 0.587418 0.061002 0.042484
