2 0.694271 0.976172 0.059375 0.042969
2 0.649479 0.926953 0.038542 0.085156
2 0.668229 0.943750 0.048958 0.057813
2 0.620313 0.875391 0.038542 0.046094
2 0.589583 0.834766 0.050000 0.055469
2 0.545312 0.791016 0.057292 0.047656
2 0.504687 0.752734 0.038542 0.047656
2 0.475000 0.708984 0.045833 0.035156
2 0.448437 0.670312 0.044792 0.035937
2 0.421354 0.635938 0.034375 0.029687
2 0.400000 0.604688 0.018750 0.015625
2 0.989583 0.850000 0.020833 0.248438
2 0.919271 0.820312 0.161458 0.204687
2 0.940104 0.933203 0.119792 0.055469
2 0.891146 0.807031 0.217708 0.156250
2 0.839063 0.719922 0.321875 0.136719
2 0.807813 0.674219 0.384375 0.132812
2 0.793750 0.646484 0.412500 0.147656
2 0.811979 0.671875 0.376042 0.164062
2 0.721875 0.592578 0.502083 0.039844
2 0.580208 0.622266 0.145833 0.039844
2 0.718750 0.636719 0.239583 0.121875
2 0.604167 0.653516 0.106250 0.036719
2 0.809375 0.577344 0.287500 0.092188
2 0.645833 0.557813 0.133333 0.064062
2 0.568229 0.556641 0.130208 0.067969
2 0.488542 0.548828 0.137500 0.039844
