2 0.656863 0.713235 0.130719 0.035948
2 0.696623 0.738562 0.103486 0.062092
2 0.746732 0.771242 0.062092 0.078431
2 0.809913 0.812908 0.096950 0.055556
2 0.868192 0.839461 0.071895 0.064542
2 0.919935 0.866830 0.059913 0.065359
2 0.967320 0.881536 0.058824 0.050654
2 0.675381 0.700980 0.193900 0.017974
2 0.693900 0.705474 0.135076 0.046569
2 0.624183 0.674428 0.065359 0.023693
2 0.589869 0.656454 0.066449 0.025327
2 0.574619 0.642565 0.088235 0.028595
2 0.552288 0.626225 0.098039 0.026961
2 0.541394 0.618873 0.089325 0.036765
2 0.505991 0.598039 0.062092 0.021242
2 0.483660 0.587010 0.058824 0.017157
2 0.471678 0.578840 0.043573 0.030229
2 0.769063 0.613562 0.130719 0.035948
2 0.874728 0.628268 0.119826 0.034314
2 0.949346 0.676062 0.101307 0.080882
2 0.898148 0.707108 0.120915 0.054739
2 0.803922 0.707108 0.122004 0.058007
2 0.661220 0.610294 0.119826 0.042484
2 0.632353 0.602941 0.101307 0.071895
2 0.642157 0.589461 0.046841 0.056373
