2 0.525000 0.341667 0.059375 0.035417
2 0.550391 0.366667 0.047656 0.050000
2 0.532031 0.358854 0.031250 0.034375
2 0.583984 0.403125 0.053906 0.058333
2 0.563672 0.402604 0.032031 0.034375
2 0.628516 0.446354 0.050781 0.082292
2 0.635156 0.448437 0.106250 0.040625
2 0.691797 0.506771 0.082031 0.092708
2 0.660937 0.507292 0.067187 0.062500
2 0.740625 0.516146 0.065625 0.071875
2 0.772656 0.573438 0.107813 0.094792
2 0.707812 0.573438 0.065625 0.055208
2 0.778516 0.618229 0.080469 0.105208
2 0.815234 0.658854 0.075781 0.096875
2 0.861719 0.604167 0.098437 0.116667
2 0.928125 0.657292 0.143750 0.116667
2 0.933984 0.721875 0.132031 0.152083
2 0.849609 0.722917 0.094531 0.083333
2 0.889062 0.776042 0.103125 0.064583
2 0.948438 0.844271 0.103125 0.096875
2 0.904687 0.825521 0.070312 0.032292
2 0.966406 0.899479 0.067187 0.082292
2 0.985547 0.960938 0.028906 0.057292
2 0.166797 0.354167 0.042969 0.039583
2 0.136719 0.373958 0.062500 0.031250
2 0.094922 0.391146 0.058594 0.028125
2 0.049609 0.411458 0.057031 0.033333
2 0.016406 0.430208 0.031250 0.033333
2 0.194141 0.342708 0.044531 0.031250
2 0.218359 0.332292 0.038281 0.025000
2 0.246094 0.321875 0.037500 0.033333
2 0.270313 0.315625 0.035937 0.029167
2 0.286328 0.305729 0.038281 0.021875
