2 0.191585 0.578976 0.046569 0.027233
2 0.230392 0.575163 0.044118 0.028322
2 0.278186 0.578976 0.056373 0.025054
2 0.296977 0.575163 0.077614 0.026144
2 0.345180 0.584967 0.049837 0.026144
2 0.370507 0.576253 0.066176 0.026144
2 0.408905 0.590959 0.044935 0.022876
2 0.444444 0.586057 0.084967 0.039216
2 0.508170 0.595861 0.037582 0.028322
2 0.540033 0.597495 0.049020 0.031590
2 0.585376 0.599129 0.069444 0.050109
2 0.638889 0.604031 0.044118 0.035948
2 0.682190 0.603486 0.049020 0.039216
2 0.729167 0.604575 0.061275 0.039216
2 0.774510 0.606209 0.044118 0.035948
2 0.811275 0.610566 0.034314 0.027233
2 0.841503 0.608932 0.042484 0.028322
2 0.889706 0.613834 0.050654 0.022876
2 0.069853 0.728758 0.131536 0.017429
2 0.197712 0.736928 0.120915 0.022876
2 0.320670 0.742375 0.113562 0.018519
2 0.416667 0.746732 0.076797 0.018519
2 0.496732 0.749455 0.102941 0.015251
2 0.583742 0.753268 0.087418 0.016340
2 0.654003 0.756536 0.066176 0.016340
2 0.736111 0.760893 0.104575 0.014161
2 0.800245 0.767974 0.041667 0.017429
2 0.848448 0.767974 0.062908 0.019608
2 0.903186 0.771242 0.048203 0.015251
2 0.961601 0.775599 0.071895 0.021786
2 0.033497 0.732026 0.034314 0.015251
2 0.079248 0.734749 0.042484 0.014161
2 0.138889 0.735839 0.053922 0.016340
2 0.202614 0.738017 0.058824 0.016340
2 0.298611 0.744553 0.031863 0.014161
2 0.343137 0.745643 0.045752 0.014161
2 0.415033 0.751089 0.057190 0.018519
2 0.491830 0.751089 0.047386 0.011983
2 0.585784 0.754902 0.037582 0.010893
2 0.657271 0.760349 0.023693 0.010893
2 0.731209 0.764161 0.060458 0.016340
