2 0.901563 0.350521 0.137500 0.153125
2 0.948828 0.417708 0.088281 0.195833
2 0.886719 0.429167 0.070312 0.114583
2 0.838281 0.418229 0.057813 0.090625
2 0.851953 0.287500 0.092969 0.106250
2 0.657031 0.303646 0.040625 0.069792
2 0.692578 0.329167 0.050781 0.070833
2 0.732031 0.377083 0.040625 0.054167
2 0.757422 0.355208 0.025781 0.135417
2 0.587500 0.279687 0.017188 0.023958
2 0.650000 0.292708 0.051562 0.072917
2 0.952344 0.382292 0.095312 0.289583
2 0.588281 0.500000 0.017188 0.047917
2 0.597266 0.532813 0.017969 0.046875
2 0.608203 0.564583 0.014844 0.037500
2 0.618359 0.582812 0.013281 0.032292
2 0.628906 0.599479 0.017188 0.017708
