2 0.419966 0.564438 0.075731 0.031977
2 0.889845 0.572190 0.199656 0.010659
2 0.967298 0.585756 0.061962 0.045543
2 0.914802 0.578488 0.053356 0.032946
2 0.866609 0.577035 0.046472 0.024225
2 0.828744 0.574128 0.029260 0.014535
2 0.795181 0.475291 0.351119 0.012597
2 0.651463 0.475775 0.036145 0.009690
2 0.716007 0.472868 0.068847 0.019380
2 0.789157 0.471899 0.070568 0.017442
2 0.875215 0.474806 0.080895 0.009690
2 0.910499 0.473837 0.089501 0.009690
3 0.176420 0.435562 0.084337 0.030039
4 0.325301 0.421027 0.037866 0.033915
