2 0.594771 0.490741 0.457516 0.038126
2 0.644608 0.519608 0.395425 0.028322
2 0.607843 0.493464 0.181373 0.074074
2 0.759395 0.548475 0.294935 0.035948
2 0.776961 0.552832 0.165033 0.068627
2 0.866422 0.595861 0.267157 0.037037
2 0.888889 0.604575 0.220588 0.074074
2 0.905637 0.663399 0.188725 0.052288
2 0.942402 0.728758 0.115196 0.102397
2 0.592320 0.451525 0.187908 0.083878
2 0.495098 0.421024 0.055556 0.077342
2 0.458333 0.404139 0.032680 0.063181
2 0.438725 0.398693 0.032680 0.065359
2 0.412582 0.383442 0.047386 0.054466
2 0.394608 0.377996 0.047386 0.054466
2 0.359477 0.368192 0.047386 0.054466
2 0.341503 0.360566 0.047386 0.054466
2 0.315359 0.345316 0.047386 0.054466
2 0.291667 0.336601 0.047386 0.054466
2 0.257353 0.325708 0.047386 0.054466
2 0.232026 0.313725 0.047386 0.054466
2 0.191176 0.300654 0.047386 0.054466
2 0.170343 0.277778 0.038399 0.032680
2 0.526961 0.443900 0.055556 0.077342
2 0.566993 0.460240 0.055556 0.077342
2 0.613562 0.473312 0.055556 0.077342
2 0.644608 0.483115 0.055556 0.077342
2 0.669935 0.502723 0.055556 0.077342
2 0.723856 0.517974 0.096405 0.088235
2 0.178922 0.305011 0.047386 0.054466
2 0.150735 0.273420 0.038399 0.032680
2 0.129085 0.263072 0.029412 0.022876
