2 0.115605 0.844771 0.075980 0.157952
2 0.242647 0.708606 0.155229 0.031590
2 0.153186 0.733660 0.131536 0.057734
2 0.240605 0.745643 0.116830 0.062092
2 0.203023 0.792484 0.111928 0.044662
2 0.188317 0.834967 0.095588 0.051198
2 0.165850 0.883987 0.098039 0.059913
2 0.258170 0.683551 0.166667 0.018519
2 0.284314 0.665033 0.171569 0.027233
2 0.306373 0.636166 0.169935 0.041394
2 0.352941 0.602397 0.142157 0.030501
2 0.389706 0.576797 0.119281 0.029412
2 0.429739 0.550109 0.114379 0.032680
2 0.483660 0.524510 0.122549 0.025054
2 0.483660 0.544662 0.058824 0.034858
2 0.540033 0.511438 0.066993 0.027233
2 0.578431 0.492375 0.065359 0.026144
2 0.606209 0.484749 0.055556 0.026144
2 0.649510 0.472767 0.060458 0.032680
2 0.699346 0.459150 0.060458 0.035948
2 0.746324 0.448257 0.062908 0.029412
2 0.798203 0.438453 0.060458 0.027233
2 0.841912 0.424837 0.053105 0.021786
2 0.888072 0.413943 0.055556 0.021786
2 0.926879 0.406318 0.038399 0.017429
2 0.090278 0.862200 0.177288 0.112200
2 0.122549 0.828976 0.165033 0.161220
2 0.988562 0.514161 0.022876 0.067538
