2 0.623775 0.630719 0.041667 0.028322
2 0.650327 0.635621 0.027778 0.018519
2 0.675654 0.641612 0.027778 0.013072
2 0.706291 0.647603 0.033497 0.016340
2 0.741422 0.655229 0.033497 0.009804
2 0.602533 0.633442 0.023693 0.022876
2 0.584559 0.636166 0.022059 0.021786
2 0.564134 0.637800 0.023693 0.016340
2 0.542075 0.641068 0.022059 0.018519
2 0.517565 0.647059 0.026961 0.017429
2 0.489379 0.649782 0.029412 0.016340
2 0.462010 0.655229 0.028595 0.016340
2 0.431373 0.659586 0.029412 0.020697
2 0.405637 0.663399 0.023693 0.017429
2 0.375408 0.668845 0.026961 0.019608
2 0.346814 0.671024 0.026961 0.017429
2 0.317402 0.677015 0.026961 0.016340
2 0.289624 0.680828 0.026961 0.017429
2 0.262255 0.685185 0.022876 0.021786
2 0.233660 0.689542 0.027778 0.017429
2 0.203840 0.693900 0.028595 0.019608
2 0.169935 0.699891 0.031046 0.018519
2 0.135212 0.704248 0.031863 0.020697
2 0.100899 0.708606 0.033497 0.020697
2 0.064951 0.715142 0.030229 0.018519
2 0.030637 0.718954 0.030229 0.019608
2 0.007761 0.727124 0.013889 0.020697
2 0.656863 0.570806 0.066993 0.047930
2 0.612337 0.573529 0.040033 0.027233
2 0.586601 0.579521 0.024510 0.023965
2 0.558415 0.581699 0.020425 0.023965
2 0.538807 0.589325 0.012255 0.017429
2 0.522876 0.592048 0.016340 0.014161
2 0.507353 0.593682 0.009804 0.013072
2 0.495915 0.594771 0.009804 0.013072
2 0.483660 0.596405 0.011438 0.016340
2 0.471814 0.596405 0.008987 0.011983
2 0.458742 0.595861 0.010621 0.015251
2 0.440359 0.594771 0.016340 0.015251
2 0.421569 0.594771 0.013072 0.013072
2 0.403186 0.596950 0.015523 0.015251
2 0.382353 0.601307 0.017974 0.015251
2 0.361928 0.602397 0.016340 0.013072
2 0.335376 0.604575 0.031863 0.010893
2 0.713644 0.590959 0.044935 0.038126
2 0.732843 0.612200 0.017974 0.017429
2 0.712418 0.610566 0.016340 0.014161
2 0.676471 0.601852 0.032680 0.018519
2 0.628676 0.597495 0.062908 0.016340
2 0.584967 0.594227 0.021242 0.014161
2 0.634804 0.547386 0.017974 0.025054
2 0.613154 0.556100 0.015523 0.027233
2 0.593546 0.563181 0.018791 0.023965
2 0.575572 0.567538 0.012255 0.017429
2 0.658497 0.550654 0.014706 0.022876
2 0.701797 0.570806 0.021242 0.028322
2 0.720180 0.575163 0.020425 0.023965
2 0.768791 0.659586 0.013072 0.007625
2 0.789216 0.663399 0.021242 0.008715
2 0.813725 0.668845 0.021242 0.010893
2 0.842729 0.674837 0.031863 0.009804
2 0.866013 0.680828 0.014706 0.004357
