2 0.969141 0.818229 0.061719 0.088542
2 0.977734 0.870833 0.044531 0.066667
2 0.934766 0.740104 0.100781 0.088542
2 0.704688 0.439583 0.034375 0.031250
2 0.693359 0.417187 0.044531 0.048958
2 0.675391 0.396354 0.047656 0.036458
2 0.718750 0.469271 0.039062 0.044792
2 0.739453 0.500521 0.035156 0.051042
2 0.727344 0.502604 0.026562 0.034375
2 0.754297 0.530208 0.033594 0.041667
2 0.767578 0.552083 0.033594 0.037500
2 0.791016 0.582812 0.033594 0.042708
2 0.812109 0.611979 0.036719 0.051042
2 0.834375 0.650000 0.035937 0.058333
2 0.857031 0.689063 0.034375 0.048958
2 0.873047 0.723958 0.044531 0.056250
