2 0.017565 0.308824 0.033497 0.035948
2 0.042075 0.318627 0.043301 0.035948
2 0.066176 0.341503 0.022876 0.046841
2 0.086193 0.365468 0.028595 0.053377
2 0.113971 0.388344 0.038399 0.051198
2 0.133170 0.399237 0.027778 0.055556
2 0.156863 0.429194 0.031046 0.056645
2 0.181373 0.456427 0.037582 0.056645
2 0.204248 0.478214 0.039216 0.056645
2 0.238154 0.524510 0.048203 0.064270
2 0.221405 0.483660 0.021242 0.045752
2 0.262663 0.553922 0.038399 0.077342
2 0.294118 0.606209 0.040850 0.075163
2 0.265523 0.568083 0.063725 0.042484
2 0.315768 0.649237 0.062908 0.076253
2 0.355392 0.724401 0.081699 0.100218
2 0.419118 0.754902 0.086601 0.076253
2 0.453023 0.751089 0.121732 0.090414
2 0.537173 0.744553 0.077614 0.053377
2 0.514297 0.765251 0.071078 0.040305
2 0.578023 0.737473 0.051471 0.074074
2 0.602533 0.711874 0.058007 0.066449
2 0.635621 0.651961 0.053922 0.062092
2 0.613971 0.677015 0.059641 0.042484
2 0.684641 0.575163 0.076797 0.080610
2 0.661356 0.608932 0.059641 0.098039
2 0.785539 0.409041 0.051471 0.042484
2 0.761438 0.429739 0.035948 0.051198
2 0.806373 0.385621 0.045752 0.039216
2 0.825980 0.366013 0.035948 0.032680
2 0.845997 0.345316 0.031863 0.026144
2 0.864788 0.324074 0.023693 0.018519
