2 0.077342 0.665441 0.152505 0.064542
2 0.168845 0.655637 0.154684 0.054739
2 0.284314 0.645016 0.148148 0.051471
2 0.391068 0.635621 0.130719 0.050654
2 0.488562 0.630719 0.107843 0.052288
2 0.580610 0.624592 0.169935 0.054739
2 0.695534 0.613971 0.177560 0.044935
2 0.799564 0.604575 0.156863 0.037582
2 0.882898 0.599265 0.138344 0.038399
2 0.958606 0.592729 0.082789 0.033497
2 0.055556 0.682190 0.069717 0.050654
2 0.156318 0.536765 0.144880 0.032680
2 0.059913 0.552288 0.117647 0.037582
2 0.279412 0.520833 0.149237 0.048203
2 0.123094 0.507761 0.108932 0.082516
2 0.043573 0.487745 0.084967 0.101307
2 0.189542 0.484886 0.241830 0.095588
2 0.336601 0.457516 0.150327 0.062092
2 0.443355 0.451389 0.130719 0.069444
2 0.368736 0.454248 0.303922 0.102941
2 0.100218 0.439542 0.198257 0.071895
2 0.562636 0.450980 0.057734 0.086601
2 0.527233 0.472631 0.063181 0.092320
2 0.799564 0.531454 0.180828 0.054739
2 0.641068 0.531454 0.173203 0.061275
2 0.922113 0.515523 0.155773 0.053922
2 0.934641 0.491830 0.130719 0.088235
2 0.931373 0.465686 0.137255 0.081699
