2 0.890625 0.545898 0.208333 0.064453
2 0.919922 0.521484 0.160156 0.056641
2 0.947917 0.506836 0.104167 0.062500
2 0.973307 0.474609 0.053385 0.039062
2 0.903646 0.620605 0.192708 0.079102
2 0.929688 0.671387 0.140625 0.102539
2 0.913411 0.718262 0.173177 0.145508
2 0.855469 0.729004 0.130208 0.090820
2 0.931641 0.809082 0.136719 0.131836
2 0.918620 0.865234 0.162760 0.125000
2 0.911458 0.920898 0.177083 0.158203
2 0.797526 0.543945 0.113281 0.050781
2 0.795573 0.507324 0.101562 0.040039
2 0.776693 0.607422 0.053385 0.074219
2 0.790365 0.666504 0.067708 0.084961
2 0.790365 0.744629 0.078125 0.086914
2 0.805990 0.832520 0.067708 0.102539
2 0.811849 0.947266 0.066406 0.105469
2 0.128255 0.519531 0.071615 0.023438
2 0.070312 0.534668 0.062500 0.032227
2 0.023438 0.548828 0.044271 0.023438
2 0.185547 0.518555 0.042969 0.023438
2 0.238281 0.514160 0.054688 0.016602
2 0.281250 0.500488 0.046875 0.026367
