2 0.104327 0.344231 0.060577 0.042308
2 0.162019 0.358333 0.064423 0.044872
2 0.217308 0.371795 0.069231 0.048718
2 0.275000 0.384615 0.067308 0.051282
2 0.280769 0.385256 0.046154 0.073077
2 0.328365 0.394231 0.066346 0.062821
2 0.378846 0.403846 0.076923 0.069231
2 0.437500 0.417949 0.075000 0.071795
2 0.494712 0.432692 0.066346 0.075641
2 0.537019 0.429487 0.102885 0.094872
2 0.619231 0.433974 0.090385 0.073077
2 0.596154 0.466667 0.078846 0.058974
2 0.650481 0.486538 0.070192 0.047436
2 0.717788 0.466667 0.122115 0.115385
2 0.845673 0.519872 0.241346 0.055128
2 0.713462 0.512179 0.042308 0.039744
2 0.815385 0.465385 0.094231 0.094872
2 0.877404 0.478205 0.077885 0.076923
2 0.909615 0.469872 0.071154 0.093590
2 0.968750 0.489744 0.062500 0.097436
2 0.062019 0.339744 0.056731 0.030769
2 0.028365 0.331410 0.045192 0.019231
2 0.039904 0.325000 0.033654 0.029487
2 0.573558 0.294231 0.074038 0.060256
2 0.527404 0.299359 0.070192 0.050000
2 0.763942 0.296795 0.468269 0.075641
2 0.929327 0.294231 0.133654 0.129487
2 0.809615 0.296154 0.128846 0.123077
2 0.689904 0.294231 0.129808 0.108974
2 0.586538 0.278846 0.086538 0.073077
2 0.547596 0.299359 0.110577 0.091026
2 0.392788 0.299359 0.033654 0.060256
2 0.349038 0.305769 0.057692 0.037179
2 0.306250 0.300000 0.033654 0.041026
2 0.216827 0.299359 0.079808 0.011538
2 0.262019 0.303846 0.054808 0.025641
2 0.331731 0.304487 0.132692 0.037179
2 0.450000 0.328846 0.078846 0.021795
