2 0.979303 0.795752 0.034858 0.086601
2 0.940087 0.764706 0.043573 0.076797
2 0.969499 0.791258 0.061002 0.056373
2 0.898693 0.744281 0.056645 0.073529
2 0.848584 0.721405 0.058824 0.078431
2 0.795207 0.687092 0.056645 0.078431
2 0.831699 0.682190 0.025054 0.035948
2 0.738017 0.658905 0.046841 0.066176
2 0.777778 0.679330 0.069717 0.058007
2 0.703704 0.628676 0.045752 0.048203
2 0.667211 0.609477 0.035948 0.047386
2 0.636710 0.589869 0.046841 0.037582
2 0.606754 0.573121 0.037037 0.040033
2 0.581699 0.556781 0.041394 0.031863
2 0.552832 0.536765 0.027233 0.027778
2 0.527233 0.522059 0.026144 0.024510
2 0.505991 0.507761 0.031590 0.022059
2 0.482026 0.495098 0.033769 0.021242
2 0.455882 0.479575 0.027233 0.021242
2 0.430828 0.465686 0.022876 0.014706
2 0.413943 0.457108 0.019608 0.020425
2 0.922658 0.579248 0.091503 0.078431
2 0.923747 0.501634 0.098039 0.068627
2 0.842048 0.470588 0.056645 0.035948
2 0.780501 0.453023 0.068627 0.038399
2 0.721678 0.448529 0.079521 0.035948
2 0.684096 0.430147 0.078431 0.025327
