2 0.055964 0.541939 0.012255 0.007625
2 0.072304 0.547386 0.015523 0.009804
2 0.089869 0.552832 0.016340 0.011983
2 0.110294 0.558824 0.019608 0.013072
2 0.131127 0.566993 0.017157 0.011983
2 0.151144 0.575708 0.016340 0.016340
2 0.172794 0.584423 0.023693 0.022876
2 0.195670 0.595316 0.018791 0.027233
2 0.221405 0.601852 0.031046 0.027233
2 0.254902 0.607843 0.035948 0.021786
2 0.287990 0.617102 0.023693 0.022876
2 0.316993 0.627996 0.027778 0.025054
2 0.347222 0.636710 0.024510 0.022876
2 0.373366 0.641068 0.034314 0.025054
2 0.409314 0.649237 0.034314 0.019608
2 0.401144 0.662854 0.049020 0.014161
2 0.433007 0.678105 0.022876 0.011983
2 0.442402 0.658497 0.030229 0.016340
2 0.481209 0.667756 0.035948 0.013072
2 0.518382 0.678649 0.028595 0.013072
2 0.553922 0.688998 0.029412 0.016340
2 0.593546 0.701525 0.035131 0.017429
2 0.636846 0.716231 0.033497 0.016340
2 0.620507 0.711874 0.023693 0.014161
2 0.671977 0.728214 0.030229 0.014161
2 0.712010 0.740196 0.033497 0.016340
2 0.751634 0.753813 0.035948 0.013072
2 0.794935 0.766340 0.040850 0.016340
2 0.837418 0.778322 0.037582 0.018519
2 0.878268 0.790850 0.035948 0.021786
2 0.920343 0.803377 0.036765 0.020697
2 0.961193 0.815904 0.031863 0.019608
2 0.990605 0.827342 0.018791 0.018519
2 0.218546 0.593137 0.041667 0.044662
2 0.233660 0.571895 0.031046 0.013072
2 0.261438 0.566449 0.029412 0.013072
2 0.283497 0.556100 0.042484 0.022876
2 0.310458 0.556100 0.021242 0.018519
2 0.316993 0.542484 0.017974 0.015251
2 0.332108 0.543028 0.018791 0.018519
2 0.348039 0.541939 0.022876 0.018519
2 0.263889 0.537037 0.027778 0.017429
2 0.242239 0.531590 0.046569 0.023965
2 0.203840 0.526144 0.040033 0.023965
2 0.174428 0.522331 0.033497 0.022876
2 0.142974 0.515795 0.062092 0.018519
2 0.828431 0.611656 0.032680 0.025054
2 0.860703 0.615468 0.035131 0.030501
2 0.895425 0.618736 0.034314 0.032680
2 0.929330 0.625272 0.033497 0.028322
2 0.965686 0.625817 0.042484 0.031590
2 0.991422 0.630719 0.017157 0.030501
