2 0.479575 0.296841 0.044118 0.053377
2 0.478758 0.322985 0.058824 0.057734
2 0.479575 0.346405 0.068627 0.058824
2 0.482435 0.376362 0.093954 0.053377
2 0.528595 0.380174 0.062092 0.050109
2 0.432190 0.392157 0.040850 0.052288
2 0.491422 0.416667 0.103758 0.059913
2 0.482026 0.426471 0.155229 0.033769
2 0.417892 0.464052 0.051471 0.054466
2 0.404412 0.511438 0.062092 0.081699
2 0.399918 0.566449 0.085784 0.102397
2 0.412173 0.632353 0.111928 0.151416
2 0.537990 0.599129 0.084150 0.037037
2 0.557190 0.680828 0.096405 0.039216
2 0.602533 0.854031 0.177288 0.108932
2 0.429739 0.806100 0.066993 0.135076
2 0.359477 0.857298 0.166667 0.285403
2 0.390931 0.706427 0.147876 0.118736
2 0.398693 0.652505 0.129085 0.102397
2 0.771650 0.321895 0.049837 0.033769
2 0.548611 0.442810 0.033497 0.029412
2 0.515114 0.430828 0.053105 0.053377
