2 0.783769 0.479167 0.022876 0.015523
2 0.757625 0.491013 0.033769 0.014706
2 0.751634 0.508170 0.017429 0.022876
2 0.735294 0.523693 0.019608 0.024510
2 0.718410 0.541667 0.018519 0.016340
2 0.701525 0.556781 0.026144 0.022059
2 0.681917 0.570261 0.021786 0.024510
2 0.662854 0.586193 0.027233 0.022059
2 0.659586 0.572304 0.035948 0.017157
2 0.651961 0.604167 0.025054 0.013889
2 0.639434 0.612337 0.039216 0.020425
2 0.607843 0.629493 0.037037 0.022059
2 0.595861 0.649101 0.019608 0.026961
2 0.577887 0.667892 0.025054 0.023693
2 0.558824 0.687908 0.026144 0.026144
2 0.536492 0.709559 0.033769 0.033497
2 0.512527 0.728350 0.029412 0.026961
2 0.553377 0.796977 0.102397 0.072712
2 0.627996 0.810049 0.083878 0.064542
2 0.712418 0.809641 0.108932 0.047386
2 0.802288 0.818627 0.079521 0.045752
2 0.873094 0.829657 0.072985 0.035131
2 0.933551 0.842320 0.067538 0.037582
2 0.971678 0.846814 0.052288 0.036765
