3 0.504493 0.693900 0.451797 0.374728
3 0.363154 0.597495 0.075980 0.062092
3 0.469771 0.766340 0.035948 0.046841
3 0.526961 0.794118 0.053922 0.052288
3 0.395016 0.734749 0.066176 0.051198
3 0.468137 0.631264 0.063725 0.055556
3 0.533905 0.670479 0.041667 0.059913
3 0.359886 0.781046 0.089052 0.047930
3 0.419935 0.783224 0.034314 0.028322
3 0.467729 0.831699 0.026961 0.040305
3 0.299837 0.657407 0.039216 0.051198
3 0.359886 0.657407 0.026961 0.053377
3 0.603350 0.815359 0.025327 0.110022
3 0.700163 0.821351 0.053922 0.050109
