3 0.298203 0.252723 0.057190 0.039216
3 0.214869 0.260349 0.102941 0.050109
3 0.408088 0.246732 0.074346 0.029412
3 0.547794 0.220044 0.087418 0.039216
3 0.087010 0.281590 0.098856 0.062092
3 0.123775 0.621460 0.100490 0.086057
3 0.131944 0.698257 0.082516 0.052288
3 0.311275 0.499455 0.183007 0.116558
3 0.478350 0.405229 0.103758 0.054466
3 0.584559 0.410131 0.121732 0.149237
3 0.491422 0.612745 0.308007 0.083878
3 0.561275 0.508170 0.351307 0.179739
3 0.421160 0.489651 0.703431 0.347495
3 0.513889 0.259804 0.044118 0.022876
3 0.307598 0.245098 0.608660 0.228758
