2 0.035256 0.515865 0.062821 0.081731
2 0.096795 0.561538 0.116667 0.153846
2 0.178846 0.573077 0.132051 0.138462
2 0.267308 0.564423 0.129487 0.094231
2 0.299359 0.560096 0.032051 0.097115
2 0.228205 0.575000 0.448718 0.084615
2 0.426923 0.570192 0.138462 0.086538
2 0.513462 0.577404 0.085897 0.070192
2 0.587179 0.582212 0.097436 0.056731
2 0.641667 0.577885 0.083333 0.050000
2 0.710256 0.579327 0.097436 0.029808
2 0.764744 0.581731 0.085897 0.019231
2 0.574359 0.578846 0.423077 0.025000
2 0.281410 0.627885 0.180769 0.055769
