2 0.226580 0.971814 0.189542 0.030229
2 0.169935 0.980801 0.124183 0.038399
2 0.102397 0.988154 0.065359 0.023693
2 0.056100 0.994690 0.046841 0.010621
2 0.240196 0.972631 0.133987 0.054739
2 0.290850 0.955065 0.139434 0.050654
2 0.338235 0.940768 0.136166 0.058007
2 0.382898 0.918709 0.140523 0.046569
2 0.434096 0.893791 0.123094 0.049020
2 0.480392 0.874183 0.145969 0.035948
2 0.551198 0.842320 0.172113 0.042484
2 0.512527 0.861520 0.179739 0.041667
2 0.616558 0.819036 0.137255 0.051471
2 0.549020 0.827206 0.071895 0.036765
2 0.684096 0.795343 0.124183 0.053105
2 0.734749 0.765114 0.118736 0.041667
2 0.687908 0.781863 0.057734 0.049020
2 0.801743 0.742647 0.091503 0.047386
2 0.765795 0.753676 0.084967 0.046569
2 0.850763 0.725082 0.093682 0.054739
2 0.822985 0.739788 0.068627 0.056373
2 0.899237 0.698938 0.083878 0.040033
2 0.867102 0.725899 0.082789 0.066176
2 0.934641 0.683824 0.056645 0.042484
2 0.974401 0.659722 0.051198 0.031863
2 0.632353 0.708742 0.153595 0.067810
2 0.513617 0.743464 0.125272 0.076797
2 0.388889 0.752859 0.167756 0.077614
2 0.265795 0.750408 0.141612 0.082516
2 0.721133 0.676062 0.139434 0.056373
2 0.815359 0.625000 0.094771 0.024510
2 0.868192 0.640114 0.054466 0.015523
2 0.761983 0.672794 0.149237 0.030229
2 0.654684 0.711193 0.117647 0.054739
