2 0.237473 0.650327 0.396514 0.039216
2 0.231481 0.639706 0.247277 0.102941
2 0.120370 0.636029 0.079521 0.028595
2 0.340414 0.614788 0.129630 0.079248
2 0.369281 0.577614 0.058824 0.040850
2 0.210240 0.600490 0.215686 0.065359
2 0.297386 0.692810 0.113290 0.034314
2 0.403050 0.705882 0.132898 0.091503
2 0.323529 0.720588 0.054466 0.039216
2 0.486928 0.735294 0.089325 0.060458
2 0.423747 0.758170 0.089325 0.040850
2 0.470588 0.785539 0.078431 0.061275
2 0.533769 0.781454 0.102397 0.071078
2 0.572985 0.828431 0.082789 0.065359
2 0.586601 0.794935 0.070806 0.060458
2 0.636166 0.855392 0.091503 0.075163
2 0.622004 0.807598 0.050109 0.044935
2 0.706427 0.896242 0.086057 0.088235
2 0.650871 0.901552 0.042484 0.033497
2 0.753268 0.926879 0.094771 0.069444
2 0.733115 0.953840 0.082789 0.051471
2 0.813725 0.976307 0.139434 0.047386
2 0.896514 0.984886 0.058824 0.030229
2 0.814815 0.939542 0.056645 0.047386
2 0.411220 0.711601 0.079521 0.047386
2 0.270697 0.643382 0.240741 0.115196
