2 0.169118 0.937364 0.336601 0.125272
2 0.187908 0.836057 0.374183 0.140523
2 0.278186 0.717320 0.281863 0.127451
2 0.326389 0.606209 0.227941 0.107843
2 0.377859 0.537582 0.200163 0.099129
2 0.425654 0.466231 0.178105 0.087146
2 0.459559 0.393791 0.164216 0.077342
2 0.508987 0.324074 0.127451 0.081699
2 0.541258 0.265795 0.093954 0.047930
2 0.571895 0.222767 0.075163 0.046841
2 0.579248 0.188453 0.052288 0.037037
2 0.615196 0.154139 0.058824 0.057734
2 0.635212 0.110566 0.038399 0.055556
3 0.504902 0.092593 0.029412 0.095861
4 0.389706 0.097495 0.045752 0.049020
5 0.540850 0.070806 0.031046 0.043573
