2 0.403595 0.305011 0.333333 0.030501
2 0.411765 0.306100 0.346405 0.043573
2 0.445670 0.283769 0.156046 0.040305
2 0.413399 0.252179 0.138889 0.057734
2 0.377859 0.223312 0.128268 0.050109
2 0.346405 0.195534 0.102941 0.044662
2 0.303922 0.160675 0.070261 0.049020
2 0.324755 0.177560 0.093954 0.030501
2 0.287173 0.139434 0.075980 0.028322
2 0.264297 0.126362 0.059641 0.023965
2 0.237337 0.107298 0.053105 0.035948
2 0.268791 0.127451 0.050654 0.052288
2 0.225082 0.097495 0.062908 0.022876
2 0.507761 0.334967 0.219771 0.033769
2 0.531046 0.389978 0.302288 0.069717
2 0.558007 0.421024 0.114379 0.262527
2 0.607026 0.472222 0.307190 0.125272
2 0.761029 0.593137 0.448529 0.081699
2 0.811683 0.765251 0.376634 0.273420
2 0.640523 0.791394 0.156863 0.282135
2 0.801062 0.742919 0.397876 0.278867
2 0.620507 0.803377 0.154412 0.266885
