2 0.532680 0.492919 0.477124 0.110022
2 0.631127 0.555011 0.469771 0.040305
2 0.609069 0.459150 0.213235 0.096950
2 0.816176 0.509259 0.094771 0.092593
2 0.716503 0.592048 0.341503 0.046841
2 0.788399 0.641068 0.285948 0.059913
2 0.868056 0.687364 0.208333 0.045752
2 0.906863 0.732571 0.183007 0.049020
2 0.929739 0.782680 0.140523 0.057734
2 0.952206 0.833878 0.095588 0.053377
2 0.968546 0.870915 0.062908 0.027233
2 0.604984 0.409041 0.185458 0.051198
2 0.715278 0.465142 0.061275 0.108932
2 0.602124 0.373638 0.142157 0.034858
2 0.569444 0.350763 0.163399 0.023965
2 0.535539 0.331155 0.175654 0.032680
2 0.517565 0.308279 0.165850 0.043573
2 0.493056 0.277778 0.147876 0.032680
2 0.475082 0.251634 0.120098 0.028322
2 0.464869 0.230937 0.086601 0.034858
2 0.436275 0.211874 0.091503 0.020697
2 0.416667 0.185185 0.040850 0.034858
