2 0.262478 0.862403 0.497418 0.172481
2 0.477625 0.656977 0.135972 0.408915
2 0.531842 0.471899 0.086059 0.046512
2 0.283993 0.781008 0.564544 0.319767
2 0.278830 0.552326 0.550775 0.207364
2 0.397590 0.581880 0.144578 0.159884
2 0.253873 0.688953 0.235800 0.164729
2 0.558520 0.391957 0.032702 0.121124
2 0.527539 0.389535 0.029260 0.089147
2 0.518933 0.431202 0.104991 0.085271
2 0.471601 0.369671 0.103270 0.057171
2 0.484509 0.343992 0.067126 0.019380
2 0.431153 0.376453 0.129088 0.039729
2 0.355422 0.399709 0.060241 0.035853
2 0.370912 0.437984 0.218589 0.089147
2 0.269363 0.412306 0.111876 0.078488
2 0.202238 0.414729 0.056799 0.032946
2 0.217728 0.375969 0.108434 0.046512
2 0.304647 0.366764 0.151463 0.057171
2 0.057659 0.451550 0.080895 0.044574
2 0.092943 0.736434 0.117040 0.062016
2 0.302926 0.988372 0.602410 0.023256
