2 0.209695 0.462418 0.033769 0.011438
2 0.241830 0.470180 0.045752 0.013889
2 0.273420 0.481618 0.032680 0.018791
2 0.297386 0.492647 0.034858 0.017974
2 0.319172 0.503268 0.028322 0.017974
2 0.341503 0.512663 0.029412 0.020425
2 0.370915 0.520833 0.035948 0.020425
2 0.397603 0.533905 0.039216 0.017157
2 0.421024 0.545343 0.031590 0.018791
2 0.458061 0.558007 0.053377 0.019608
2 0.494009 0.571895 0.038126 0.021242
2 0.527778 0.584967 0.044662 0.021242
2 0.563725 0.596814 0.042484 0.023693
2 0.599673 0.611520 0.044662 0.020425
2 0.637255 0.624183 0.045752 0.021242
2 0.675926 0.640931 0.053377 0.022059
2 0.712963 0.658497 0.055556 0.021242
2 0.755991 0.674020 0.045752 0.019608
2 0.796296 0.685458 0.056645 0.019608
2 0.838780 0.701797 0.052288 0.022876
2 0.886710 0.718137 0.058824 0.026144
2 0.938453 0.736111 0.068627 0.031046
2 0.978758 0.754902 0.042484 0.031046
