2 0.332849 0.959552 0.074612 0.080895
2 0.359981 0.918244 0.068798 0.094664
2 0.378391 0.873494 0.074612 0.111876
2 0.394380 0.831325 0.085271 0.148021
2 0.423934 0.764200 0.066860 0.099828
2 0.435078 0.729776 0.056202 0.103270
2 0.450097 0.690189 0.047481 0.106713
2 0.433624 0.683305 0.030039 0.065404
2 0.472868 0.635972 0.032946 0.098107
2 0.457849 0.640275 0.028101 0.058520
2 0.489341 0.588640 0.036822 0.092943
2 0.479651 0.596386 0.029070 0.080895
2 0.505814 0.537866 0.023256 0.074010
2 0.490795 0.553356 0.026163 0.070568
2 0.520833 0.492255 0.020349 0.072289
2 0.511143 0.510327 0.022287 0.063683
2 0.527132 0.466437 0.025194 0.082616
2 0.533915 0.436317 0.021318 0.070568
2 0.537306 0.403614 0.018411 0.080895
2 0.546996 0.360585 0.014535 0.046472
2 0.541182 0.353701 0.008721 0.032702
2 0.552810 0.341652 0.012597 0.046472
2 0.434109 0.932014 0.108527 0.135972
2 0.464632 0.876076 0.082364 0.137694
2 0.489341 0.794320 0.060078 0.115318
2 0.500000 0.728916 0.069767 0.132530
2 0.506783 0.675559 0.062016 0.142857
2 0.514535 0.623924 0.073643 0.139415
2 0.533915 0.554217 0.054264 0.158348
2 0.547481 0.485370 0.046512 0.120482
2 0.569767 0.417384 0.029070 0.108434
2 0.567829 0.397590 0.052326 0.113597
2 0.591085 0.662651 0.087209 0.674699
2 0.571705 0.826162 0.220930 0.347676
2 0.736919 0.728916 0.431202 0.542169
2 0.745640 0.697074 0.475775 0.605852
2 0.820252 0.683305 0.359496 0.633391
2 0.764535 0.422547 0.151163 0.218589
2 0.712209 0.381239 0.075581 0.177281
2 0.640988 0.406196 0.080426 0.189329
2 0.843992 0.703098 0.135659 0.211704
2 0.735465 0.734940 0.085271 0.206540
2 0.792151 0.873494 0.109496 0.201377
2 0.886628 0.913941 0.089147 0.148021
2 0.901163 0.796902 0.133721 0.271945
2 0.712694 0.879518 0.146318 0.240964
