2 0.017429 0.568627 0.032680 0.027778
2 0.039760 0.566993 0.077342 0.024510
2 0.062636 0.568627 0.123094 0.021242
2 0.139434 0.569036 0.054466 0.022059
2 0.184096 0.568219 0.045752 0.022059
2 0.228758 0.567810 0.069717 0.021242
2 0.276688 0.570670 0.071895 0.023693
2 0.328976 0.569853 0.098039 0.030229
2 0.381264 0.567810 0.095861 0.024510
2 0.433551 0.572304 0.084967 0.033497
2 0.504902 0.569444 0.068627 0.027778
2 0.569717 0.570670 0.084967 0.026961
2 0.635076 0.572712 0.106754 0.026144
2 0.707516 0.567402 0.099129 0.023693
2 0.695534 0.577614 0.077342 0.013072
2 0.790305 0.569036 0.099129 0.020425
2 0.851852 0.568627 0.098039 0.021242
2 0.937364 0.569444 0.125272 0.022876
2 0.962963 0.567810 0.074074 0.021242
