2 0.953704 0.491830 0.086057 0.039216
2 0.872004 0.503268 0.064270 0.052288
2 0.801198 0.508578 0.057734 0.046569
2 0.861656 0.504902 0.098039 0.039216
2 0.751089 0.512663 0.075163 0.051471
2 0.693900 0.514706 0.052288 0.044118
2 0.646514 0.515523 0.055556 0.037582
2 0.622549 0.517565 0.079521 0.030229
2 0.575708 0.517157 0.070806 0.027778
2 0.538671 0.517974 0.086057 0.021242
2 0.496187 0.520833 0.092593 0.012255
2 0.414488 0.525327 0.096950 0.008170
2 0.341503 0.532271 0.079521 0.015523
2 0.284314 0.533497 0.052288 0.016340
2 0.254902 0.539624 0.050109 0.017157
2 0.195534 0.587827 0.136166 0.038399
2 0.210240 0.542892 0.063181 0.020425
2 0.163399 0.546569 0.045752 0.024510
2 0.130719 0.553105 0.045752 0.024510
2 0.092593 0.557190 0.063181 0.022876
2 0.039760 0.559232 0.070806 0.018791
2 0.924292 0.493873 0.114379 0.035131
2 0.757081 0.512663 0.252723 0.036765
2 0.277233 0.480392 0.107843 0.032680
2 0.313181 0.483252 0.068627 0.038399
2 0.367102 0.490196 0.032680 0.026144
2 0.421569 0.483252 0.108932 0.022059
2 0.506536 0.475490 0.113290 0.021242
2 0.601307 0.474265 0.080610 0.015523
2 0.678649 0.468954 0.061002 0.016340
2 0.747821 0.466095 0.059913 0.013889
2 0.808824 0.462418 0.051198 0.019608
2 0.884532 0.457516 0.089325 0.011438
2 0.163943 0.485703 0.099129 0.058007
2 0.089869 0.498775 0.090414 0.041667
2 0.048475 0.479984 0.094771 0.038399
2 0.034314 0.511029 0.066449 0.026961
