2 0.887255 0.991422 0.225490 0.017157
2 0.884532 0.966095 0.230937 0.041667
2 0.841503 0.933824 0.238562 0.034314
2 0.974946 0.934641 0.050109 0.037582
2 0.746732 0.901552 0.153595 0.025327
2 0.828976 0.895016 0.074074 0.059641
2 0.888344 0.908905 0.046841 0.041667
2 0.834423 0.927696 0.152505 0.103758
2 0.912309 0.968546 0.166667 0.062908
2 0.696623 0.861111 0.083878 0.065359
2 0.735294 0.859886 0.071895 0.075980
2 0.769063 0.860703 0.067538 0.046569
2 0.810458 0.870915 0.039216 0.042484
2 0.648148 0.817402 0.113290 0.054739
2 0.714597 0.824346 0.045752 0.032680
2 0.649782 0.852124 0.051198 0.031046
2 0.604031 0.785948 0.105664 0.032680
2 0.660675 0.792075 0.040305 0.022059
2 0.545752 0.762255 0.041394 0.032680
2 0.580065 0.763889 0.049020 0.044118
2 0.613834 0.776961 0.046841 0.032680
2 0.524510 0.740196 0.051198 0.050654
2 0.558824 0.749183 0.045752 0.037582
2 0.489107 0.711601 0.039216 0.039216
2 0.517429 0.731209 0.043573 0.047386
2 0.450436 0.693219 0.046841 0.038399
2 0.419390 0.676879 0.023965 0.031863
2 0.391068 0.654820 0.028322 0.020425
2 0.366013 0.642565 0.021786 0.018791
2 0.344227 0.629902 0.013072 0.013072
2 0.327887 0.618873 0.017429 0.015523
2 0.309913 0.611928 0.016340 0.011438
2 0.292484 0.605392 0.014161 0.009804
2 0.277778 0.599265 0.006536 0.007353
