2 0.293269 0.620513 0.178846 0.035897
2 0.273077 0.655769 0.140385 0.044872
2 0.256250 0.687821 0.124038 0.032051
2 0.243269 0.709615 0.098077 0.037179
2 0.208173 0.740385 0.072115 0.032051
2 0.239423 0.718590 0.051923 0.047436
2 0.185577 0.757051 0.065385 0.029487
2 0.129808 0.780769 0.121154 0.028205
2 0.107692 0.801923 0.086538 0.037179
2 0.046154 0.842308 0.090385 0.071795
2 0.075000 0.817308 0.076923 0.050000
2 0.125962 0.780769 0.075000 0.058974
2 0.162019 0.757692 0.070192 0.051282
2 0.186058 0.734615 0.087500 0.058974
2 0.364904 0.580128 0.058654 0.021795
2 0.337981 0.605128 0.079808 0.033333
2 0.376923 0.567308 0.051923 0.029487
2 0.977885 0.645513 0.044231 0.044872
2 0.986058 0.667308 0.027885 0.019231
2 0.968269 0.644872 0.063462 0.038462
2 0.955288 0.632051 0.089423 0.041026
2 0.961058 0.650641 0.077885 0.019231
2 0.947115 0.625000 0.105769 0.042308
2 0.934615 0.625000 0.130769 0.029487
2 0.923077 0.621795 0.153846 0.023077
2 0.950000 0.614103 0.100000 0.038462
2 0.935096 0.620513 0.129808 0.048718
2 0.847115 0.617308 0.032692 0.016667
2 0.825000 0.611538 0.028846 0.015385
2 0.801442 0.603846 0.025962 0.015385
2 0.778846 0.596154 0.023077 0.023077
2 0.757692 0.591667 0.025000 0.021795
