2 0.202614 0.890523 0.403595 0.083878
2 0.245915 0.786492 0.450980 0.108932
2 0.296569 0.762527 0.411765 0.206972
2 0.354575 0.606754 0.411765 0.154684
2 0.387255 0.495643 0.316993 0.102397
2 0.426879 0.431917 0.306373 0.066449
2 0.437908 0.367102 0.254902 0.084967
2 0.555147 0.305011 0.105392 0.074074
2 0.447712 0.306100 0.199346 0.124183
2 0.487337 0.233660 0.146242 0.077342
2 0.500817 0.177560 0.106209 0.084967
2 0.507353 0.111656 0.044118 0.066449
2 0.523284 0.143246 0.098856 0.092593
2 0.479167 0.400871 0.180556 0.568627
2 0.515931 0.258715 0.182190 0.229847
