2 0.145969 0.348448 0.283224 0.079248
2 0.287037 0.362745 0.205882 0.124183
2 0.360022 0.379085 0.140523 0.186275
2 0.532680 0.315359 0.265795 0.088235
2 0.609477 0.320261 0.168845 0.125817
2 0.728758 0.348856 0.091503 0.125817
2 0.816449 0.386846 0.190632 0.131536
2 0.895969 0.428513 0.203704 0.138072
2 0.853486 0.352533 0.079521 0.087418
2 0.943900 0.392974 0.112200 0.138889
2 0.911765 0.523693 0.176471 0.117647
2 0.944444 0.633578 0.111111 0.141340
2 0.832244 0.578023 0.241830 0.125000
2 0.709695 0.529003 0.205882 0.141340
2 0.689542 0.466503 0.302832 0.169935
2 0.509804 0.448121 0.272331 0.115196
2 0.862200 0.927696 0.249455 0.144608
2 0.918301 0.937500 0.163399 0.125000
2 0.736383 0.944853 0.335512 0.110294
2 0.544662 0.953431 0.307190 0.093137
