2 0.694792 0.294531 0.033333 0.045312
2 0.697396 0.319922 0.038542 0.039844
2 0.705729 0.344531 0.026042 0.023438
2 0.682292 0.363672 0.020833 0.030469
2 0.663542 0.380469 0.025000 0.031250
2 0.646354 0.392969 0.032292 0.029687
2 0.026562 0.457031 0.046875 0.014063
2 0.054688 0.451172 0.071875 0.013281
2 0.066667 0.438672 0.054167 0.032031
2 0.108333 0.424219 0.043750 0.034375
2 0.143750 0.408594 0.045833 0.031250
2 0.178125 0.396484 0.041667 0.028906
2 0.209896 0.382031 0.040625 0.026562
2 0.242188 0.370703 0.038542 0.024219
2 0.277604 0.354687 0.032292 0.023438
2 0.317188 0.339062 0.019792 0.014063
2 0.299479 0.350000 0.028125 0.017188
2 0.344792 0.332031 0.027083 0.021875
2 0.367188 0.322266 0.026042 0.019531
2 0.390104 0.313281 0.026042 0.018750
2 0.410938 0.305859 0.021875 0.017969
2 0.429167 0.307031 0.012500 0.023438
2 0.550521 0.250000 0.007292 0.007812
2 0.533854 0.252344 0.013542 0.010937
2 0.527604 0.262500 0.019792 0.009375
2 0.510417 0.267188 0.022917 0.007812
2 0.769792 0.236719 0.035417 0.026562
2 0.796354 0.236328 0.036458 0.019531
2 0.819792 0.241016 0.039583 0.019531
2 0.853646 0.239453 0.046875 0.021094
2 0.946875 0.242188 0.070833 0.015625
