2 0.507353 0.505447 0.232026 0.037037
2 0.605801 0.542484 0.118464 0.052288
2 0.810049 0.544662 0.303105 0.034858
2 0.928513 0.528322 0.079248 0.043573
2 0.853758 0.540305 0.098039 0.041394
2 0.516748 0.473856 0.182190 0.034858
2 0.537173 0.380719 0.046569 0.022876
2 0.556373 0.409041 0.081699 0.046841
2 0.566993 0.448257 0.080065 0.055556
2 0.027369 0.431373 0.053105 0.037037
2 0.069036 0.414488 0.043301 0.027233
2 0.101307 0.407952 0.037582 0.020697
2 0.167075 0.385621 0.054739 0.023965
2 0.210376 0.367102 0.049837 0.039216
2 0.159314 0.309368 0.016340 0.006536
2 0.173611 0.318627 0.040033 0.009804
2 0.250408 0.327342 0.093954 0.011983
2 0.345997 0.337146 0.080882 0.007625
2 0.431373 0.343137 0.098039 0.013072
