2 0.688317 0.855664 0.623366 0.262527
2 0.511029 0.678649 0.224673 0.616558
2 0.516748 0.548475 0.533497 0.105664
2 0.698121 0.663943 0.481209 0.125272
2 0.851716 0.764161 0.195261 0.441176
2 0.666667 0.466776 0.179739 0.103486
2 0.448529 0.341503 0.189542 0.077342
2 0.561683 0.372004 0.062908 0.051198
2 0.415033 0.291394 0.150327 0.053377
2 0.377042 0.259259 0.113562 0.032680
2 0.358660 0.231481 0.091503 0.035948
2 0.324755 0.209150 0.059641 0.032680
2 0.303105 0.188998 0.044118 0.025054
2 0.274101 0.165577 0.058007 0.028322
2 0.443219 0.369826 0.196895 0.079521
2 0.532680 0.451525 0.223856 0.101307
2 0.383987 0.539216 0.277778 0.122004
