2 0.178922 0.379085 0.261438 0.019608
2 0.220588 0.347495 0.086601 0.050109
2 0.255719 0.370915 0.063725 0.055556
2 0.336601 0.383442 0.063725 0.026144
2 0.375817 0.388344 0.081699 0.027233
2 0.973856 0.518519 0.049020 0.156863
2 0.896650 0.486383 0.113562 0.092593
2 0.794935 0.462963 0.107843 0.071895
2 0.683824 0.449346 0.125817 0.055556
2 0.613562 0.434096 0.161765 0.046841
2 0.644608 0.454248 0.137255 0.032680
2 0.434232 0.410131 0.110294 0.029412
2 0.451797 0.407952 0.094771 0.051198
2 0.522467 0.421024 0.056373 0.055556
2 0.597631 0.434096 0.126634 0.064270
