2 0.078840 0.694989 0.056373 0.023965
2 0.028186 0.712963 0.054739 0.029412
2 0.031454 0.771786 0.043301 0.040305
2 0.199346 0.718410 0.104575 0.083878
2 0.120507 0.727669 0.080882 0.061002
2 0.325163 0.670479 0.109477 0.114379
2 0.261029 0.693355 0.077614 0.072985
2 0.214052 0.699346 0.089869 0.087146
2 0.414624 0.645425 0.074346 0.083878
2 0.438725 0.692810 0.184641 0.135076
2 0.503676 0.637255 0.092320 0.080610
2 0.529820 0.716231 0.089052 0.107843
2 0.582108 0.626362 0.044935 0.074074
2 0.558824 0.629085 0.052288 0.079521
2 0.601307 0.588235 0.083333 0.028322
2 0.588644 0.575163 0.074346 0.023965
2 0.577614 0.561547 0.062092 0.025054
2 0.537990 0.551198 0.040033 0.019608
2 0.555964 0.518519 0.018791 0.017429
2 0.569853 0.538126 0.020425 0.026144
2 0.582925 0.549564 0.023693 0.029412
2 0.594771 0.565904 0.031046 0.033769
2 0.315359 0.546841 0.039216 0.008715
