2 0.734205 0.788399 0.176471 0.063725
2 0.608388 0.780637 0.131808 0.064542
2 0.500000 0.763889 0.126362 0.073529
2 0.378540 0.743056 0.136166 0.067810
2 0.272876 0.711193 0.092593 0.056373
2 0.944444 0.687500 0.111111 0.077614
2 0.864924 0.670343 0.117647 0.062908
2 0.777778 0.662173 0.124183 0.064542
2 0.706972 0.659314 0.122004 0.057190
2 0.618192 0.645016 0.125272 0.061275
2 0.526688 0.627042 0.105664 0.061275
2 0.452070 0.614379 0.122004 0.062092
2 0.383987 0.605801 0.112200 0.058007
2 0.319717 0.591503 0.105664 0.047386
2 0.723312 0.499183 0.095861 0.034314
2 0.789216 0.512663 0.101307 0.040033
2 0.870915 0.532271 0.083878 0.043301
2 0.933551 0.540850 0.082789 0.040850
2 0.224401 0.574346 0.074074 0.034314
2 0.158497 0.566993 0.090414 0.031046
2 0.098039 0.556781 0.050109 0.023693
2 0.057734 0.544118 0.047930 0.019608
2 0.021242 0.533905 0.040305 0.017157
