2 0.189062 0.582812 0.105208 0.067187
2 0.155208 0.641797 0.045833 0.078906
2 0.164583 0.623828 0.093750 0.049219
2 0.075000 0.686328 0.147917 0.063281
2 0.055729 0.721875 0.109375 0.057813
2 0.032813 0.759375 0.063542 0.054688
2 0.014583 0.794531 0.027083 0.043750
2 0.258854 0.544141 0.061458 0.066406
2 0.198958 0.572266 0.091667 0.080469
2 0.294271 0.499609 0.096875 0.036719
2 0.274479 0.517188 0.084375 0.043750
2 0.347396 0.463281 0.063542 0.037500
2 0.388542 0.440234 0.035417 0.033594
2 0.553646 0.310937 0.013542 0.012500
2 0.530208 0.330469 0.020833 0.018750
2 0.498437 0.354297 0.028125 0.022656
2 0.466667 0.378125 0.043750 0.023438
2 0.439583 0.402344 0.035417 0.023438
2 0.404167 0.428906 0.050000 0.021875
