2 0.045752 0.800654 0.032680 0.013072
2 0.080610 0.792892 0.045752 0.015523
2 0.120370 0.782680 0.020697 0.024510
2 0.159586 0.770425 0.038126 0.026144
2 0.135076 0.779820 0.034858 0.022059
2 0.193900 0.765114 0.037037 0.023693
2 0.228758 0.754902 0.034858 0.022876
2 0.265795 0.743464 0.039216 0.022876
2 0.303922 0.731209 0.034858 0.016340
2 0.339325 0.722631 0.027233 0.018791
2 0.372004 0.715278 0.031590 0.018791
2 0.401961 0.708742 0.028322 0.017157
2 0.430283 0.701389 0.023965 0.017157
2 0.457516 0.694036 0.023965 0.012255
2 0.484205 0.687092 0.027233 0.011438
2 0.508170 0.681373 0.022876 0.013072
2 0.532135 0.677288 0.025054 0.014706
2 0.557190 0.671977 0.027233 0.018791
2 0.579521 0.665850 0.017429 0.017974
2 0.604031 0.657271 0.027233 0.017157
2 0.630719 0.651961 0.028322 0.017974
2 0.656863 0.645425 0.028322 0.016340
2 0.684096 0.638889 0.030501 0.017974
2 0.714052 0.629493 0.029412 0.020425
2 0.736928 0.622141 0.027233 0.018791
2 0.758170 0.614379 0.019608 0.016340
2 0.782680 0.612337 0.029412 0.018791
2 0.804466 0.609069 0.029412 0.017157
2 0.822440 0.603758 0.026144 0.014706
2 0.843137 0.595997 0.021786 0.013889
2 0.863290 0.594363 0.027233 0.013889
2 0.531046 0.619690 0.208061 0.033497
2 0.494009 0.637255 0.083878 0.031046
2 0.402505 0.645833 0.155773 0.036765
2 0.125272 0.701389 0.248366 0.038399
2 0.161220 0.680964 0.084967 0.033497
2 0.265251 0.700980 0.059913 0.026144
2 0.028867 0.747549 0.055556 0.045752
2 0.684641 0.594771 0.118736 0.031046
2 0.653050 0.610703 0.101307 0.025327
2 0.767974 0.592320 0.067538 0.024510
