2 0.453846 0.298077 0.028846 0.029487
2 0.463942 0.309615 0.029808 0.021795
2 0.485096 0.317308 0.029808 0.021795
2 0.492788 0.314744 0.035577 0.037179
2 0.537981 0.335897 0.054808 0.064103
2 0.539423 0.301282 0.036538 0.010256
2 0.502885 0.339103 0.021154 0.029487
2 0.546154 0.373718 0.042308 0.021795
2 0.600962 0.371795 0.065385 0.084615
2 0.561538 0.388462 0.036538 0.015385
2 0.703365 0.421154 0.227885 0.026923
2 0.672596 0.403205 0.085577 0.101282
2 0.773077 0.445513 0.088462 0.167949
2 0.734135 0.433333 0.091346 0.138462
2 0.676923 0.465385 0.055769 0.033333
2 0.905769 0.519872 0.188462 0.142308
2 0.926923 0.614103 0.142308 0.066667
2 0.952404 0.660897 0.095192 0.042308
2 0.965385 0.692308 0.069231 0.033333
2 0.977885 0.718590 0.044231 0.029487
2 0.987019 0.738462 0.025962 0.017949
2 0.798077 0.540385 0.061538 0.042308
2 0.809615 0.564744 0.040385 0.019231
2 0.922596 0.596795 0.150962 0.106410
2 0.716827 0.503205 0.049038 0.047436
2 0.756250 0.533333 0.035577 0.030769
2 0.835577 0.600000 0.030769 0.033333
2 0.895192 0.655769 0.028846 0.032051
