2 0.324074 0.520833 0.046841 0.051471
2 0.370370 0.526961 0.063181 0.039216
2 0.407407 0.543301 0.052288 0.037582
2 0.427015 0.558824 0.054466 0.019608
2 0.462418 0.577206 0.090414 0.038399
2 0.429739 0.576389 0.059913 0.035131
2 0.507081 0.599265 0.066449 0.038399
2 0.481481 0.602941 0.032680 0.021242
2 0.535403 0.610294 0.072985 0.035948
2 0.569172 0.627042 0.066449 0.040033
2 0.605120 0.644199 0.068627 0.040033
2 0.641068 0.661765 0.070806 0.040850
2 0.673747 0.696078 0.083878 0.044118
2 0.709150 0.729575 0.098039 0.042484
2 0.750000 0.738562 0.151416 0.024510
2 0.717320 0.728350 0.075163 0.053105
2 0.881264 0.855392 0.237473 0.102941
2 0.831155 0.833742 0.124183 0.041667
2 0.882898 0.839869 0.101307 0.037582
2 0.948802 0.857843 0.076253 0.045752
2 0.959150 0.879493 0.081699 0.048203
1 0.462963 0.690768 0.071895 0.046569
