2 0.234375 0.969531 0.050000 0.037500
2 0.260937 0.932813 0.030208 0.034375
2 0.244271 0.940625 0.028125 0.040625
2 0.268750 0.903906 0.039583 0.037500
2 0.304688 0.869531 0.059375 0.051562
2 0.334896 0.827344 0.055208 0.040625
2 0.356771 0.788672 0.048958 0.035156
2 0.377604 0.760547 0.048958 0.035156
2 0.394792 0.721484 0.050000 0.038281
2 0.416667 0.690234 0.039583 0.039844
2 0.440104 0.648047 0.044792 0.039844
2 0.458333 0.619922 0.035417 0.027344
2 0.464583 0.589453 0.025000 0.027344
2 0.476562 0.564063 0.017708 0.025000
2 0.487500 0.538672 0.014583 0.019531
2 0.150000 0.515234 0.120833 0.033594
2 0.075521 0.567578 0.096875 0.049219
2 0.038021 0.585156 0.065625 0.084375
2 0.233854 0.513672 0.059375 0.032031
