2 0.016885 0.648693 0.031590 0.008170
2 0.051198 0.645016 0.032680 0.007353
2 0.089325 0.642974 0.039216 0.008170
2 0.133442 0.638889 0.040305 0.008170
2 0.189542 0.635621 0.052288 0.008170
2 0.212418 0.633578 0.052288 0.007353
2 0.270697 0.630310 0.042484 0.008987
2 0.310458 0.628268 0.061002 0.013072
2 0.343137 0.626634 0.054466 0.016340
2 0.392157 0.622958 0.047930 0.008987
2 0.421569 0.619281 0.039216 0.009804
2 0.451525 0.618056 0.009804 0.010621
2 0.486383 0.614379 0.057734 0.003268
2 0.509804 0.608252 0.078431 0.004085
2 0.527233 0.613154 0.058824 0.004085
2 0.572440 0.608252 0.038126 0.005719
2 0.606209 0.607026 0.020697 0.004902
2 0.641612 0.604167 0.043573 0.004085
2 0.676471 0.601307 0.043573 0.003268
2 0.712963 0.599265 0.049020 0.004085
2 0.752723 0.595588 0.052288 0.003268
2 0.794118 0.594363 0.041394 0.005719
2 0.828976 0.591095 0.050109 0.004085
2 0.856754 0.587418 0.049020 0.013072
2 0.897059 0.586193 0.042484 0.005719
2 0.929194 0.584967 0.047930 0.004902
2 0.962963 0.580474 0.067538 0.007353
