2 0.044118 0.635621 0.086057 0.024510
2 0.126362 0.636029 0.063181 0.023693
2 0.220044 0.635621 0.098039 0.026144
2 0.325163 0.636029 0.090414 0.025327
2 0.410131 0.635621 0.068627 0.026144
2 0.491285 0.633170 0.082789 0.021242
2 0.595861 0.633987 0.115468 0.022876
2 0.316993 0.636029 0.566449 0.018791
2 0.664488 0.641748 0.058824 0.036765
2 0.791939 0.626634 0.189542 0.006536
2 0.938998 0.627451 0.111111 0.008170
2 0.832789 0.574755 0.112200 0.041667
2 0.787037 0.544118 0.151416 0.065359
2 0.674292 0.540033 0.143791 0.073529
2 0.584423 0.530229 0.147059 0.083333
2 0.459695 0.514706 0.152505 0.062092
2 0.327887 0.542484 0.139434 0.075163
2 0.189542 0.553105 0.132898 0.081699
2 0.077887 0.572304 0.153595 0.090686
2 0.088780 0.534722 0.164488 0.075980
2 0.874183 0.552696 0.075163 0.064542
2 0.945534 0.574755 0.100218 0.061275
