2 0.071895 0.645016 0.141612 0.012255
2 0.147059 0.638480 0.056645 0.010621
2 0.217865 0.633578 0.069717 0.007353
2 0.294662 0.628268 0.059913 0.009804
2 0.345316 0.627042 0.061002 0.015523
2 0.403050 0.620915 0.041394 0.009804
2 0.448802 0.616422 0.030501 0.010621
2 0.527778 0.611111 0.096950 0.004902
2 0.578431 0.608660 0.034858 0.004902
2 0.614379 0.604575 0.019608 0.003268
2 0.642702 0.603758 0.021786 0.004902
2 0.960784 0.580065 0.076253 0.009804
2 0.880174 0.585784 0.080610 0.011438
2 0.820806 0.588644 0.033769 0.010621
2 0.775054 0.594771 0.042484 0.009804
2 0.732026 0.597631 0.037037 0.008987
2 0.694989 0.599265 0.030501 0.010621
2 0.666122 0.600899 0.038126 0.007353
