2 0.657952 0.774918 0.126362 0.028595
2 0.738562 0.775735 0.111111 0.031863
2 0.812636 0.777778 0.082789 0.024510
2 0.971133 0.867239 0.049020 0.030229
2 0.919390 0.853350 0.067538 0.023693
2 0.870915 0.845997 0.070806 0.025327
2 0.816993 0.839869 0.050109 0.014706
2 0.766340 0.833742 0.051198 0.015523
2 0.723312 0.826389 0.052288 0.013889
2 0.674837 0.819444 0.046841 0.013072
2 0.630719 0.812908 0.037037 0.016340
2 0.598584 0.810458 0.031590 0.013072
2 0.564815 0.806781 0.029412 0.012255
2 0.515251 0.801062 0.043573 0.013889
2 0.472767 0.793709 0.028322 0.012255
2 0.224946 0.762663 0.040305 0.007353
2 0.257081 0.766340 0.041394 0.013072
2 0.284858 0.769608 0.044662 0.009804
2 0.459150 0.743464 0.057734 0.022876
2 0.407952 0.746324 0.053377 0.017157
2 0.587146 0.771650 0.061002 0.023693
