2 0.358974 0.539904 0.056410 0.072115
2 0.312821 0.550000 0.069231 0.046154
2 0.314103 0.595192 0.058974 0.044231
2 0.486538 0.599519 0.060256 0.068269
2 0.459615 0.635096 0.037179 0.052885
2 0.438462 0.662019 0.023077 0.047115
2 0.562821 0.532212 0.110256 0.070192
2 0.460256 0.514904 0.146154 0.075962
2 0.513462 0.466827 0.091026 0.047115
2 0.541026 0.440385 0.064103 0.042308
2 0.563462 0.460577 0.111538 0.086538
2 0.652564 0.444231 0.123077 0.055769
2 0.728846 0.474519 0.078205 0.045192
2 0.739744 0.498077 0.048718 0.036538
2 0.292308 0.546635 0.053846 0.043269
2 0.495513 0.521154 0.178205 0.059615
