2 0.550391 0.572917 0.149219 0.087500
2 0.430859 0.593229 0.133594 0.090625
2 0.376563 0.574479 0.118750 0.105208
2 0.264453 0.599479 0.139844 0.090625
2 0.226562 0.558854 0.142187 0.134375
2 0.113281 0.603646 0.156250 0.101042
2 0.094141 0.564063 0.186719 0.117708
2 0.062891 0.621875 0.124219 0.066667
2 0.485547 0.535937 0.252344 0.090625
2 0.367188 0.536458 0.203125 0.102083
2 0.691016 0.526042 0.203906 0.100000
2 0.664062 0.593229 0.131250 0.063542
2 0.882812 0.545312 0.234375 0.080208
2 0.910937 0.589583 0.178125 0.066667
2 0.826953 0.587500 0.072656 0.072917
2 0.827344 0.510938 0.056250 0.059375
2 0.103906 0.556250 0.181250 0.185417
2 0.190625 0.526042 0.115625 0.172917
2 0.396484 0.515625 0.338281 0.145833
2 0.684766 0.497917 0.175781 0.118750
