3 0.453431 0.638889 0.240196 0.160131
3 0.445670 0.664488 0.126634 0.104575
3 0.485294 0.624728 0.109477 0.086057
3 0.625000 0.656863 0.045752 0.028322
3 0.626225 0.711874 0.046569 0.042484
3 0.592320 0.738017 0.021242 0.038126
3 0.577614 0.788671 0.034314 0.034858
3 0.892157 0.669935 0.052288 0.026144
3 0.862337 0.719499 0.048203 0.022876
3 0.913399 0.758170 0.052288 0.028322
3 0.645016 0.551198 0.200163 0.080610
3 0.670343 0.547930 0.069444 0.045752
3 0.624592 0.560458 0.054739 0.046841
3 0.716912 0.562092 0.038399 0.032680
3 0.330882 0.490741 0.022876 0.016340
3 0.198121 0.491830 0.018791 0.051198
3 0.229167 0.494553 0.015523 0.032680
3 0.102124 0.483660 0.014706 0.030501
