2 0.650735 0.441176 0.448529 0.102397
2 0.866013 0.450980 0.084967 0.152505
2 0.890114 0.515795 0.067810 0.103486
2 0.810866 0.547386 0.172386 0.136166
2 0.905637 0.522876 0.097222 0.156863
2 0.968546 0.562636 0.062908 0.105664
2 0.988154 0.709695 0.023693 0.205882
2 0.962010 0.690632 0.048203 0.193900
2 0.925654 0.667756 0.039216 0.143791
2 0.842729 0.568083 0.111928 0.310458
2 0.725082 0.482571 0.115196 0.278867
2 0.800245 0.401961 0.121732 0.135076
2 0.703431 0.437908 0.163399 0.217865
2 0.723448 0.473856 0.286765 0.178649
2 0.646242 0.316449 0.053922 0.081699
2 0.682190 0.343682 0.044118 0.092593
2 0.625000 0.297930 0.044118 0.049020
2 0.602941 0.277233 0.055556 0.099129
2 0.563725 0.247277 0.050654 0.080610
2 0.528595 0.215686 0.047386 0.076253
2 0.503268 0.187364 0.039216 0.061002
2 0.480801 0.161765 0.035131 0.064270
2 0.456699 0.142157 0.037582 0.062092
2 0.438725 0.123638 0.042484 0.068627
2 0.429739 0.132353 0.099673 0.070806
2 0.417892 0.098039 0.048203 0.047930
2 0.441993 0.104031 0.050654 0.049020
2 0.404003 0.082244 0.040033 0.051198
2 0.377042 0.063181 0.033497 0.041394
2 0.644608 0.449891 0.403595 0.148148
