2 0.460784 0.477533 0.032680 0.030229
2 0.474946 0.495915 0.034858 0.037582
2 0.500000 0.511029 0.041394 0.025327
2 0.524510 0.531454 0.031590 0.035131
2 0.550654 0.552696 0.044662 0.040033
2 0.580610 0.578023 0.037037 0.044935
2 0.600763 0.601307 0.055556 0.040850
2 0.633987 0.607026 0.041394 0.034314
2 0.805011 0.747958 0.043573 0.041667
2 0.834423 0.772059 0.056645 0.037582
2 0.879085 0.810049 0.054466 0.054739
2 0.916667 0.844363 0.068627 0.053105
2 0.964052 0.880719 0.065359 0.053922
2 0.501634 0.611928 0.153595 0.062092
2 0.529412 0.658088 0.104575 0.049837
