2 0.412854 0.539624 0.032680 0.020425
2 0.441721 0.554739 0.029412 0.026144
2 0.468954 0.570261 0.031590 0.026144
2 0.490196 0.585376 0.034858 0.031863
2 0.516885 0.601716 0.033769 0.031863
2 0.543573 0.617647 0.032680 0.029412
2 0.573529 0.633987 0.033769 0.032680
2 0.599129 0.649510 0.034858 0.034314
2 0.629085 0.667892 0.044662 0.030229
2 0.664488 0.682598 0.043573 0.033497
2 0.699346 0.705065 0.034858 0.040850
2 0.726035 0.720588 0.029412 0.042484
2 0.754357 0.739379 0.038126 0.042484
2 0.784858 0.755719 0.044662 0.042484
2 0.812636 0.768791 0.037037 0.040850
2 0.846950 0.796160 0.049020 0.054739
2 0.889978 0.816993 0.052288 0.047386
2 0.934096 0.844771 0.049020 0.057190
2 0.975490 0.868056 0.049020 0.051471
