2 0.036765 0.357298 0.024510 0.026144
2 0.070261 0.377451 0.053922 0.031590
2 0.070670 0.407407 0.025327 0.032680
2 0.090278 0.431373 0.038399 0.047930
2 0.110294 0.468954 0.035948 0.055556
2 0.133170 0.510893 0.045752 0.071895
2 0.158905 0.560458 0.044935 0.081699
2 0.166258 0.610566 0.071078 0.118736
2 0.064542 0.629085 0.127451 0.068627
2 0.109886 0.619826 0.218137 0.087146
2 0.199755 0.674292 0.075980 0.067538
2 0.233252 0.754357 0.080882 0.105664
2 0.255719 0.818083 0.098039 0.135076
2 0.284314 0.919935 0.112745 0.123094
2 0.320261 0.956972 0.114379 0.086057
2 0.225490 0.741830 0.101307 0.045752
