2 0.911765 0.980801 0.143791 0.013889
2 0.940632 0.991830 0.107843 0.016340
2 0.895425 0.974673 0.076253 0.039216
2 0.850763 0.954657 0.084967 0.023693
2 0.815904 0.937092 0.108932 0.019608
2 0.783224 0.919526 0.041394 0.051471
2 0.819172 0.927288 0.043573 0.031046
2 0.721678 0.890114 0.066449 0.035131
2 0.739107 0.906863 0.059913 0.034314
2 0.680283 0.873775 0.025054 0.048203
2 0.651961 0.859886 0.035948 0.041667
2 0.611111 0.840686 0.050109 0.039216
2 0.571895 0.816993 0.032680 0.034314
2 0.536492 0.800654 0.044662 0.031046
2 0.497821 0.785131 0.045752 0.031046
2 0.464597 0.768382 0.044662 0.033497
2 0.431373 0.759804 0.039216 0.039216
2 0.402505 0.747958 0.038126 0.036765
2 0.376362 0.734069 0.040305 0.033497
2 0.352397 0.721814 0.038126 0.035131
2 0.331699 0.709967 0.027233 0.034314
2 0.314815 0.705474 0.037037 0.022059
2 0.342593 0.688317 0.031590 0.022059
2 0.313181 0.698529 0.040305 0.027778
2 0.894336 0.758170 0.010893 0.037582
2 0.879085 0.775735 0.006536 0.007353
2 0.862200 0.732435 0.053377 0.030229
2 0.820261 0.707925 0.056645 0.020425
2 0.755991 0.693219 0.069717 0.022059
2 0.799020 0.699346 0.066449 0.035948
2 0.772331 0.684641 0.047930 0.053922
2 0.729847 0.682190 0.063181 0.031046
2 0.858388 0.689542 0.115468 0.062092
2 0.891612 0.702614 0.072985 0.062092
2 0.893791 0.670343 0.025054 0.028595
2 0.850763 0.667484 0.054466 0.027778
