2 0.150781 0.685937 0.073438 0.071875
2 0.092188 0.711458 0.095312 0.097917
2 0.093750 0.749479 0.135937 0.088542
2 0.193750 0.748958 0.104688 0.072917
2 0.264062 0.710938 0.098437 0.076042
2 0.361328 0.736458 0.100781 0.072917
2 0.402344 0.722396 0.082812 0.071875
2 0.596875 0.740104 0.306250 0.028125
2 0.471094 0.750000 0.093750 0.031250
2 0.748828 0.727604 0.092969 0.028125
2 0.670703 0.728125 0.078906 0.050000
2 0.610156 0.729688 0.071875 0.053125
2 0.554297 0.731771 0.083594 0.048958
2 0.487500 0.723437 0.065625 0.059375
2 0.032813 0.752083 0.064062 0.108333
2 0.100000 0.736979 0.073438 0.094792
2 0.196094 0.730208 0.090625 0.095833
2 0.280859 0.734375 0.107031 0.081250
