2 0.440087 0.611520 0.023965 0.013889
2 0.466776 0.630310 0.027233 0.017157
2 0.482026 0.644199 0.022876 0.023693
2 0.503813 0.659722 0.031590 0.023693
2 0.529412 0.678922 0.037037 0.032680
2 0.559913 0.695670 0.043573 0.035131
2 0.587146 0.710376 0.039216 0.031863
2 0.618192 0.727533 0.044662 0.028595
2 0.648693 0.743056 0.044662 0.033497
2 0.677560 0.763480 0.039216 0.035131
2 0.710784 0.781454 0.046841 0.038399
2 0.741830 0.796160 0.030501 0.033497
2 0.760893 0.818219 0.040305 0.040033
2 0.791939 0.836601 0.050109 0.037582
2 0.827342 0.863971 0.049020 0.044935
2 0.861656 0.879902 0.050109 0.042484
2 0.896514 0.902369 0.050109 0.044935
2 0.917211 0.915033 0.058824 0.052288
2 0.962963 0.946487 0.054466 0.048203
