2 0.509259 0.671160 0.049020 0.012255
2 0.465142 0.679739 0.028322 0.013072
2 0.433007 0.686683 0.029412 0.015523
2 0.399782 0.693627 0.026144 0.013072
2 0.369281 0.698121 0.028322 0.012255
2 0.343137 0.703840 0.015251 0.007353
2 0.317538 0.714869 0.027233 0.011438
2 0.285948 0.724265 0.027233 0.010621
2 0.252179 0.731618 0.031590 0.013889
2 0.218410 0.740196 0.029412 0.016340
2 0.185730 0.746324 0.029412 0.017157
2 0.155773 0.754085 0.026144 0.019608
2 0.122549 0.760621 0.031590 0.019608
2 0.087691 0.765931 0.029412 0.022059
2 0.052288 0.776144 0.034858 0.019608
2 0.016885 0.785539 0.031590 0.018791
2 0.801198 0.603350 0.031590 0.005719
2 0.770697 0.609069 0.018519 0.007353
