2 0.418301 0.568083 0.120915 0.072985
2 0.482026 0.571351 0.120915 0.072985
2 0.607843 0.581155 0.305556 0.094771
2 0.708742 0.645425 0.435458 0.059913
2 0.790850 0.689542 0.406863 0.050109
2 0.825163 0.742919 0.349673 0.069717
2 0.866830 0.806645 0.266340 0.066449
2 0.915441 0.874183 0.169118 0.081699
2 0.596814 0.503268 0.092320 0.069717
2 0.708742 0.552288 0.092320 0.069717
2 0.646650 0.519608 0.092320 0.069717
2 0.582108 0.492375 0.092320 0.069717
2 0.560866 0.472767 0.092320 0.069717
2 0.542892 0.461874 0.092320 0.069717
2 0.530637 0.454248 0.092320 0.069717
2 0.510212 0.445534 0.092320 0.069717
2 0.488971 0.434641 0.092320 0.069717
2 0.475899 0.419390 0.092320 0.069717
2 0.453023 0.405229 0.092320 0.069717
2 0.424428 0.391068 0.092320 0.069717
2 0.400735 0.373638 0.092320 0.069717
2 0.382761 0.361656 0.092320 0.069717
2 0.368873 0.349673 0.092320 0.069717
2 0.355801 0.339869 0.092320 0.069717
2 0.341912 0.332244 0.092320 0.069717
2 0.319853 0.322440 0.061275 0.063181
2 0.310049 0.311547 0.061275 0.063181
2 0.300245 0.301743 0.061275 0.063181
2 0.292075 0.295207 0.061275 0.063181
2 0.284722 0.288671 0.061275 0.063181
2 0.276552 0.283224 0.061275 0.063181
2 0.264297 0.285948 0.040033 0.053377
2 0.255310 0.279412 0.040033 0.053377
2 0.248775 0.272876 0.040033 0.053377
2 0.240605 0.266340 0.040033 0.053377
2 0.234886 0.261983 0.040033 0.053377
2 0.233252 0.259804 0.040033 0.053377
2 0.791258 0.591503 0.092320 0.069717
2 0.832925 0.614379 0.092320 0.069717
2 0.879493 0.635076 0.092320 0.069717
2 0.912990 0.648148 0.092320 0.069717
2 0.935049 0.672113 0.092320 0.069717
2 0.413807 0.566449 0.092320 0.069717
