2 0.772287 0.410499 0.027132 0.022375
2 0.754845 0.408778 0.019380 0.018933
2 0.840116 0.462134 0.048450 0.046472
2 0.610465 0.362306 0.023256 0.012048
2 0.033430 0.579174 0.047481 0.043029
2 0.013566 0.600688 0.025194 0.037866
2 0.075097 0.571429 0.049419 0.037866
2 0.111919 0.552496 0.041667 0.034423
2 0.144380 0.532702 0.050388 0.039587
2 0.186047 0.520654 0.034884 0.029260
2 0.169574 0.536145 0.021318 0.025818
2 0.221899 0.505164 0.040698 0.025818
2 0.210756 0.517212 0.022287 0.022375
2 0.242733 0.496558 0.030039 0.032702
2 0.261628 0.485370 0.027132 0.034423
2 0.283430 0.473322 0.022287 0.037866
2 0.303779 0.470740 0.016473 0.022375
2 0.319767 0.467298 0.009690 0.018933
2 0.333818 0.459552 0.014535 0.024096
2 0.348837 0.449225 0.009690 0.030981
2 0.359496 0.441480 0.011628 0.039587
2 0.375484 0.425990 0.022287 0.015491
2 0.379845 0.434596 0.032946 0.025818
2 0.890988 0.456110 0.033915 0.048193
2 0.911822 0.493115 0.029070 0.046472
2 0.892926 0.493976 0.022287 0.041308
2 0.934593 0.529260 0.041667 0.046472
2 0.954942 0.560241 0.033915 0.056799
2 0.981105 0.582616 0.033915 0.056799
