2 0.443219 0.771242 0.512255 0.167756
2 0.424020 0.822985 0.374183 0.144880
2 0.464461 0.674292 0.368464 0.119826
2 0.473856 0.584967 0.334967 0.126362
2 0.482026 0.479847 0.364379 0.110022
2 0.504902 0.395969 0.321895 0.096950
2 0.358252 0.442266 0.126634 0.132898
2 0.489788 0.350218 0.265523 0.081699
2 0.522876 0.281590 0.230392 0.090414
2 0.513072 0.239651 0.200980 0.050109
2 0.528595 0.205882 0.183007 0.043573
2 0.562092 0.171024 0.137255 0.041394
2 0.611111 0.157407 0.117647 0.055556
2 0.613154 0.102397 0.071078 0.034858
2 0.516340 0.519608 0.222222 0.616558
